steps 200 300 400 500 600 700 800 900 1000 1100 1200 1300 1400 1500 1600 1700 1800 1900 2000 2100 2200 2300 2400 2500 2600 2700 2800 2900 3000 3100 3200 3300 3400 3500 3600 3700 3800 3900 4000 4100 4200 4300 4400 4500 4600 4700 4800 4900 5000 5100 5200 5300 5400 5500 5600 5700 5800 5900 6000 6100 6200 6300 6400 6500 6600 6700 6800 6900 7000 7100 7200 7300 7400 7500
Train
	acc 0.36342592592592593 0.5243055555555556 0.6365740740740741 0.6956018518518519 0.7222222222222222 0.7534722222222222 0.7997685185185185 0.8518518518518519 0.8692129629629629 0.8969907407407407 0.9201388888888888 0.9236111111111112 0.9421296296296297 0.9583333333333334 0.9791666666666666 0.9675925925925926 0.9907407407407407 0.9942129629629629 0.9965277777777778 0.9976851851851852 0.9988425925925926 0.9965277777777778 0.9942129629629629 0.9965277777777778 1.0 1.0 1.0 1.0 1.0 1.0 1.0 1.0 1.0 0.9930555555555556 0.9953703703703703 1.0 1.0 1.0 1.0 1.0 1.0 1.0 1.0 1.0 1.0 1.0 1.0 1.0 1.0 1.0 1.0 1.0 1.0 1.0 1.0 1.0 1.0 1.0 1.0 1.0 1.0 1.0 1.0 1.0 1.0 1.0 1.0 1.0 1.0 1.0 1.0 1.0 1.0 1.0
	seq_acc 0.004310344827586207 0.0603448275862069 0.11206896551724138 0.1810344827586207 0.23275862068965517 0.28448275862068967 0.3879310344827586 0.5258620689655172 0.5603448275862069 0.6422413793103449 0.7112068965517241 0.7413793103448276 0.7931034482758621 0.853448275862069 0.9267241379310345 0.8879310344827587 0.9655172413793104 0.978448275862069 0.9870689655172413 0.9913793103448276 0.9956896551724138 0.9870689655172413 0.978448275862069 0.9913793103448276 1.0 1.0 1.0 1.0 1.0 1.0 1.0 1.0 1.0 0.9827586206896551 0.9827586206896551 1.0 1.0 1.0 1.0 1.0 1.0 1.0 1.0 1.0 1.0 1.0 1.0 1.0 1.0 1.0 1.0 1.0 1.0 1.0 1.0 1.0 1.0 1.0 1.0 1.0 1.0 1.0 1.0 1.0 1.0 1.0 1.0 1.0 1.0 1.0 1.0 1.0 1.0 1.0
	target_acc 0.11637931034482758 0.1939655172413793 0.21120689655172414 0.27586206896551724 0.3146551724137931 0.33620689655172414 0.44396551724137934 0.5517241379310345 0.5689655172413793 0.6551724137931034 0.7327586206896551 0.75 0.8017241379310345 0.853448275862069 0.9267241379310345 0.9051724137931034 0.9655172413793104 0.978448275862069 0.9870689655172413 0.9913793103448276 0.9956896551724138 0.9870689655172413 0.978448275862069 0.9913793103448276 1.0 1.0 1.0 1.0 1.0 1.0 1.0 1.0 1.0 0.9870689655172413 0.9870689655172413 1.0 1.0 1.0 1.0 1.0 1.0 1.0 1.0 1.0 1.0 1.0 1.0 1.0 1.0 1.0 1.0 1.0 1.0 1.0 1.0 1.0 1.0 1.0 1.0 1.0 1.0 1.0 1.0 1.0 1.0 1.0 1.0 1.0 1.0 1.0 1.0 1.0 1.0 1.0
	nll_loss 1.4591972827911377 1.2461811304092407 1.0013375282287598 0.79560786485672 0.6982178688049316 0.6379749178886414 0.536580502986908 0.4644012153148651 0.4013493061065674 0.32001131772994995 0.26855728030204773 0.24125505983829498 0.19920101761817932 0.1682385951280594 0.12720952928066254 0.1498984843492508 0.09538986533880234 0.07318522781133652 0.05639085918664932 0.045996710658073425 0.036133766174316406 0.04801325127482414 0.04600182920694351 0.02934197150170803 0.01927831582725048 0.021916687488555908 0.014033365994691849 0.011756622232496738 0.010159576311707497 0.009028272703289986 0.007955946028232574 0.007160713896155357 0.006391898728907108 0.04207543656229973 0.031506024301052094 0.007866320200264454 0.0052453018724918365 0.004487805068492889 0.003985713701695204 0.003601568751037121 0.0032791884150356054 0.003008847124874592 0.002768988022580743 0.002560599008575082 0.002376492600888014 0.0022083171643316746 0.002057018456980586 0.00191959785297513 0.0017946013249456882 0.0016803534235805273 0.0015737357316538692 0.0014756150776520371 0.0013854579301550984 0.0013014128198847175 0.0012224013917148113 0.0011488923337310553 0.0010793752735480666 0.001015787711367011 0.0009550027316436172 0.0008996046963147819 0.0008468692540191114 0.000797635002527386 0.000752067135181278 0.0007074187160469592 0.0006660826620645821 0.0006275214836932719 0.000591451593209058 0.0005574655369855464 0.000525308249052614 0.0004954346804879606 0.0004676327225752175 0.0004407312662806362 0.0004157894290983677 0.00039238075260072947
../machine-tasks/test_output_lookup_eos/lookup-3bit/samples/sample1/validation.tsv
	acc 0.28125 0.421875 0.609375 0.65625 0.703125 0.671875 0.71875 0.703125 0.703125 0.71875 0.703125 0.734375 0.734375 0.734375 0.765625 0.78125 0.765625 0.75 0.75 0.78125 0.78125 0.78125 0.78125 0.765625 0.765625 0.78125 0.796875 0.796875 0.796875 0.796875 0.796875 0.796875 0.796875 0.765625 0.78125 0.796875 0.796875 0.796875 0.796875 0.796875 0.796875 0.796875 0.78125 0.78125 0.78125 0.78125 0.78125 0.78125 0.78125 0.78125 0.78125 0.78125 0.78125 0.78125 0.78125 0.78125 0.78125 0.78125 0.78125 0.78125 0.78125 0.78125 0.78125 0.78125 0.78125 0.78125 0.78125 0.78125 0.78125 0.78125 0.78125 0.796875 0.796875 0.796875
	seq_acc 0.0 0.0625 0.0625 0.125 0.1875 0.1875 0.25 0.25 0.125 0.1875 0.125 0.1875 0.1875 0.125 0.25 0.3125 0.25 0.1875 0.1875 0.3125 0.3125 0.3125 0.3125 0.3125 0.3125 0.3125 0.375 0.375 0.375 0.375 0.375 0.375 0.375 0.3125 0.3125 0.375 0.375 0.375 0.375 0.375 0.375 0.375 0.3125 0.3125 0.3125 0.3125 0.3125 0.3125 0.3125 0.3125 0.3125 0.3125 0.3125 0.3125 0.3125 0.3125 0.3125 0.3125 0.3125 0.3125 0.3125 0.3125 0.3125 0.3125 0.3125 0.3125 0.3125 0.3125 0.3125 0.3125 0.3125 0.375 0.375 0.375
	target_acc 0.125 0.125 0.1875 0.1875 0.25 0.1875 0.25 0.25 0.125 0.1875 0.125 0.25 0.1875 0.125 0.25 0.3125 0.25 0.1875 0.1875 0.3125 0.3125 0.3125 0.3125 0.3125 0.3125 0.3125 0.375 0.375 0.375 0.375 0.375 0.375 0.375 0.3125 0.3125 0.375 0.375 0.375 0.375 0.375 0.375 0.375 0.3125 0.3125 0.3125 0.3125 0.3125 0.3125 0.3125 0.3125 0.3125 0.375 0.375 0.375 0.375 0.375 0.375 0.375 0.3125 0.375 0.3125 0.3125 0.3125 0.3125 0.3125 0.3125 0.3125 0.3125 0.3125 0.3125 0.3125 0.375 0.375 0.375
	nll_loss 1.612865924835205 1.461676001548767 1.198799967765808 1.063713550567627 1.0179105997085571 1.0204659700393677 0.9572423696517944 0.9483345150947571 0.9578604698181152 0.877080500125885 0.8995784521102905 0.8635387420654297 0.8953686356544495 0.9501512050628662 0.8869606852531433 0.9029811024665833 0.9791776537895203 0.9729945063591003 0.9932758808135986 1.0200376510620117 1.0199662446975708 1.0593310594558716 1.061151146888733 1.1894820928573608 1.1611733436584473 1.1552077531814575 1.1880992650985718 1.1782375574111938 1.202903151512146 1.2088286876678467 1.2203947305679321 1.2395673990249634 1.2540100812911987 1.2300139665603638 1.2386912107467651 1.340322494506836 1.3734595775604248 1.3893464803695679 1.4083575010299683 1.4260786771774292 1.4446520805358887 1.456726312637329 1.465959072113037 1.481618881225586 1.4964741468429565 1.4984755516052246 1.5114222764968872 1.5235191583633423 1.5292125940322876 1.5383063554763794 1.5452873706817627 1.5357574224472046 1.5431791543960571 1.5541560649871826 1.559483289718628 1.5649510622024536 1.572229027748108 1.5775721073150635 1.6052643060684204 1.596349835395813 1.6164283752441406 1.6211949586868286 1.629667043685913 1.6349490880966187 1.6387646198272705 1.6469345092773438 1.652624487876892 1.657148003578186 1.6657066345214844 1.6728780269622803 1.6747633218765259 1.680616855621338 1.6905535459518433 1.6949992179870605
../machine-tasks/test_output_lookup_eos/lookup-3bit/samples/sample1/heldout_compositions.tsv
	acc 0.32421875 0.48046875 0.5546875 0.6328125 0.65234375 0.64453125 0.71484375 0.734375 0.7421875 0.75390625 0.7578125 0.7578125 0.75390625 0.765625 0.76953125 0.7734375 0.7734375 0.79296875 0.78125 0.79296875 0.80078125 0.78515625 0.796875 0.79296875 0.8046875 0.80859375 0.80859375 0.8125 0.8046875 0.8125 0.81640625 0.81640625 0.81640625 0.796875 0.7890625 0.796875 0.8125 0.8046875 0.80859375 0.80859375 0.8125 0.8125 0.8125 0.8125 0.8125 0.8125 0.8125 0.81640625 0.81640625 0.81640625 0.81640625 0.81640625 0.81640625 0.81640625 0.81640625 0.81640625 0.81640625 0.8203125 0.8203125 0.8203125 0.8203125 0.8203125 0.8203125 0.8203125 0.8203125 0.82421875 0.82421875 0.82421875 0.82421875 0.82421875 0.82421875 0.82421875 0.82421875 0.82421875
	seq_acc 0.0 0.015625 0.03125 0.078125 0.09375 0.09375 0.171875 0.203125 0.203125 0.234375 0.203125 0.21875 0.21875 0.234375 0.28125 0.28125 0.28125 0.34375 0.25 0.328125 0.328125 0.3125 0.328125 0.328125 0.34375 0.359375 0.359375 0.375 0.359375 0.375 0.390625 0.390625 0.390625 0.328125 0.328125 0.359375 0.40625 0.375 0.375 0.359375 0.375 0.375 0.375 0.375 0.375 0.375 0.375 0.375 0.375 0.375 0.375 0.375 0.375 0.375 0.375 0.375 0.375 0.375 0.375 0.375 0.375 0.375 0.375 0.375 0.375 0.390625 0.390625 0.390625 0.390625 0.390625 0.390625 0.390625 0.390625 0.390625
	target_acc 0.046875 0.171875 0.125 0.171875 0.15625 0.125 0.203125 0.234375 0.234375 0.25 0.234375 0.25 0.25 0.265625 0.3125 0.3125 0.3125 0.375 0.28125 0.375 0.375 0.34375 0.375 0.359375 0.375 0.390625 0.390625 0.40625 0.390625 0.40625 0.421875 0.421875 0.421875 0.34375 0.359375 0.390625 0.4375 0.40625 0.40625 0.390625 0.40625 0.40625 0.40625 0.40625 0.40625 0.40625 0.40625 0.40625 0.40625 0.40625 0.40625 0.40625 0.40625 0.40625 0.40625 0.40625 0.40625 0.40625 0.40625 0.40625 0.40625 0.40625 0.40625 0.40625 0.40625 0.421875 0.421875 0.421875 0.421875 0.421875 0.421875 0.421875 0.421875 0.421875
	nll_loss 1.6024339199066162 1.3962225914001465 1.2038933038711548 1.0183738470077515 0.9442734718322754 0.9323269128799438 0.8213492035865784 0.8018118739128113 0.8139448761940002 0.7381302714347839 0.7199699878692627 0.7133455276489258 0.7455928921699524 0.719529390335083 0.7256250977516174 0.8028242588043213 0.7532528042793274 0.7520821690559387 0.7843115925788879 0.7767291069030762 0.7855914235115051 0.825429379940033 0.8426869511604309 0.8466678857803345 0.8864687085151672 0.8746546506881714 0.8809790015220642 0.8897592425346375 0.9080713987350464 0.9023078083992004 0.9110837578773499 0.922443687915802 0.9315982460975647 1.0265604257583618 0.9112086296081543 0.9038681983947754 0.917545735836029 0.9320295453071594 0.9439936876296997 0.9540171027183533 0.9604787230491638 0.9718466401100159 0.9785038232803345 0.9849019646644592 0.9957610964775085 1.00128972530365 1.006966471672058 1.0097525119781494 1.0152580738067627 1.0232993364334106 1.0286098718643188 1.0373646020889282 1.0431108474731445 1.0491966009140015 1.055036187171936 1.0602929592132568 1.0669552087783813 1.0736085176467896 1.0807323455810547 1.092462182044983 1.0972657203674316 1.1022939682006836 1.1054176092147827 1.1136847734451294 1.1221379041671753 1.1280746459960938 1.1322095394134521 1.138920545578003 1.1447644233703613 1.1496121883392334 1.1572644710540771 1.1616451740264893 1.1693928241729736 1.1753650903701782
../machine-tasks/test_output_lookup_eos/lookup-3bit/samples/sample1/heldout_inputs.tsv
	acc 0.3125 0.50625 0.5875 0.6375 0.6375 0.65625 0.6875 0.7375 0.71875 0.75 0.78125 0.775 0.7875 0.78125 0.7875 0.775 0.78125 0.78125 0.7875 0.79375 0.7875 0.79375 0.7875 0.7875 0.79375 0.8 0.7875 0.78125 0.78125 0.78125 0.7875 0.78125 0.78125 0.8125 0.80625 0.8125 0.8125 0.81875 0.81875 0.825 0.825 0.8375 0.83125 0.825 0.825 0.825 0.83125 0.83125 0.83125 0.8375 0.83125 0.83125 0.8125 0.8125 0.8125 0.8125 0.8125 0.8125 0.8125 0.8125 0.8125 0.8125 0.8125 0.8125 0.8125 0.8125 0.8125 0.8125 0.8125 0.8125 0.8125 0.8125 0.8125 0.8125
	seq_acc 0.0 0.075 0.1 0.175 0.125 0.125 0.175 0.25 0.175 0.25 0.275 0.25 0.375 0.35 0.375 0.325 0.325 0.35 0.325 0.35 0.325 0.325 0.325 0.325 0.35 0.3 0.325 0.3 0.3 0.3 0.325 0.3 0.3 0.35 0.35 0.4 0.4 0.425 0.4 0.425 0.4 0.425 0.4 0.375 0.375 0.375 0.4 0.4 0.4 0.425 0.4 0.4 0.375 0.375 0.375 0.375 0.375 0.375 0.375 0.375 0.375 0.375 0.375 0.375 0.375 0.375 0.375 0.375 0.375 0.375 0.375 0.375 0.375 0.375
	target_acc 0.025 0.225 0.175 0.2 0.175 0.15 0.2 0.275 0.2 0.275 0.325 0.275 0.375 0.35 0.375 0.325 0.325 0.35 0.325 0.35 0.325 0.325 0.325 0.325 0.35 0.3 0.325 0.3 0.3 0.3 0.325 0.3 0.3 0.35 0.35 0.4 0.4 0.425 0.4 0.425 0.4 0.425 0.4 0.375 0.375 0.375 0.4 0.4 0.4 0.425 0.4 0.4 0.375 0.375 0.375 0.375 0.375 0.375 0.375 0.375 0.375 0.375 0.375 0.375 0.375 0.375 0.375 0.375 0.375 0.375 0.375 0.375 0.375 0.375
	nll_loss 1.599278450012207 1.3735319375991821 1.1552430391311646 0.976664662361145 0.9087840914726257 0.8492196798324585 0.7964198589324951 0.7512702941894531 0.7678080201148987 0.6975540518760681 0.6926765441894531 0.71400386095047 0.7246276140213013 0.7535102367401123 0.7326444387435913 0.7964580059051514 0.779269814491272 0.7790642976760864 0.7859694957733154 0.8015323281288147 0.8159295916557312 0.8422909379005432 0.8667998313903809 0.87330162525177 0.8864309191703796 0.8871232271194458 0.9157939553260803 0.9235163927078247 0.9311159253120422 0.9410611391067505 0.9549062252044678 0.9553850889205933 0.9657108187675476 0.8712295293807983 0.9302698373794556 0.9474090337753296 0.9647571444511414 0.971635639667511 0.9661287069320679 0.9751496911048889 0.9821513891220093 0.9672612547874451 0.9734125137329102 0.9810600280761719 0.990622878074646 0.9951882362365723 1.0029215812683105 1.0100746154785156 1.0138884782791138 1.0220577716827393 1.0278950929641724 1.037819743156433 1.0774307250976562 1.0853508710861206 1.091568112373352 1.0998963117599487 1.1062877178192139 1.1149238348007202 1.1229814291000366 1.1277879476547241 1.1368370056152344 1.1422698497772217 1.1492745876312256 1.156746745109558 1.1645474433898926 1.1697012186050415 1.180684208869934 1.187656044960022 1.1944549083709717 1.2013124227523804 1.2104953527450562 1.2163400650024414 1.2236114740371704 1.2286534309387207
../machine-tasks/test_output_lookup_eos/lookup-3bit/samples/sample1/heldout_tables.tsv
	acc 0.3190104166666667 0.4231770833333333 0.5169270833333334 0.58203125 0.578125 0.5911458333333334 0.6002604166666666 0.6276041666666666 0.6276041666666666 0.6328125 0.6380208333333334 0.6471354166666666 0.6471354166666666 0.6458333333333334 0.6549479166666666 0.6419270833333334 0.6484375 0.65234375 0.6549479166666666 0.6484375 0.6575520833333334 0.66796875 0.6458333333333334 0.6510416666666666 0.6640625 0.6640625 0.6640625 0.6614583333333334 0.6627604166666666 0.6666666666666666 0.6666666666666666 0.6666666666666666 0.6692708333333334 0.66796875 0.6588541666666666 0.6627604166666666 0.6627604166666666 0.6666666666666666 0.671875 0.6731770833333334 0.6731770833333334 0.6744791666666666 0.6770833333333334 0.6770833333333334 0.6796875 0.6796875 0.6796875 0.6796875 0.6783854166666666 0.6809895833333334 0.6809895833333334 0.6822916666666666 0.6822916666666666 0.6822916666666666 0.6822916666666666 0.68359375 0.68359375 0.6822916666666666 0.6809895833333334 0.6809895833333334 0.6809895833333334 0.6809895833333334 0.6822916666666666 0.68359375 0.68359375 0.6822916666666666 0.6848958333333334 0.6848958333333334 0.68359375 0.6848958333333334 0.68359375 0.6861979166666666 0.6861979166666666 0.6875
	seq_acc 0.0 0.0 0.0 0.015625 0.0 0.015625 0.010416666666666666 0.041666666666666664 0.020833333333333332 0.020833333333333332 0.026041666666666668 0.026041666666666668 0.041666666666666664 0.020833333333333332 0.046875 0.015625 0.03125 0.041666666666666664 0.046875 0.015625 0.046875 0.07291666666666667 0.020833333333333332 0.026041666666666668 0.057291666666666664 0.0625 0.0625 0.057291666666666664 0.0625 0.078125 0.07291666666666667 0.06770833333333333 0.08333333333333333 0.109375 0.041666666666666664 0.0625 0.06770833333333333 0.06770833333333333 0.07291666666666667 0.078125 0.078125 0.078125 0.08854166666666667 0.08854166666666667 0.09895833333333333 0.09895833333333333 0.09895833333333333 0.09895833333333333 0.08854166666666667 0.08854166666666667 0.08854166666666667 0.09375 0.09375 0.09375 0.09375 0.09375 0.09375 0.09375 0.08854166666666667 0.08854166666666667 0.08854166666666667 0.08854166666666667 0.09375 0.09895833333333333 0.09895833333333333 0.09375 0.09895833333333333 0.09895833333333333 0.09895833333333333 0.09895833333333333 0.09375 0.10416666666666667 0.10416666666666667 0.10416666666666667
	target_acc 0.0 0.07291666666666667 0.078125 0.09375 0.0625 0.0625 0.03125 0.09895833333333333 0.041666666666666664 0.03125 0.052083333333333336 0.0625 0.0625 0.026041666666666668 0.052083333333333336 0.036458333333333336 0.046875 0.057291666666666664 0.057291666666666664 0.020833333333333332 0.052083333333333336 0.10416666666666667 0.026041666666666668 0.026041666666666668 0.0625 0.078125 0.078125 0.06770833333333333 0.06770833333333333 0.08333333333333333 0.078125 0.078125 0.09375 0.11979166666666667 0.052083333333333336 0.07291666666666667 0.078125 0.08333333333333333 0.09895833333333333 0.10416666666666667 0.10416666666666667 0.10416666666666667 0.11458333333333333 0.11458333333333333 0.125 0.125 0.125 0.125 0.11458333333333333 0.11458333333333333 0.11458333333333333 0.11979166666666667 0.11979166666666667 0.11979166666666667 0.11979166666666667 0.11979166666666667 0.11979166666666667 0.11458333333333333 0.109375 0.109375 0.109375 0.109375 0.11458333333333333 0.11979166666666667 0.11979166666666667 0.11458333333333333 0.11979166666666667 0.11979166666666667 0.11979166666666667 0.11979166666666667 0.11458333333333333 0.125 0.125 0.125
	nll_loss 1.7522984743118286 1.5548759698867798 1.3557283878326416 1.2061291933059692 1.2485157251358032 1.3044465780258179 1.4331001043319702 1.3449733257293701 1.5664424896240234 1.6399617195129395 1.4940297603607178 1.4810421466827393 1.6589418649673462 2.0309371948242188 1.92921781539917 1.792808175086975 1.7111823558807373 1.8411920070648193 2.024164915084839 2.110358476638794 2.085279941558838 1.8993388414382935 2.31581449508667 2.1893134117126465 2.2143213748931885 2.083922863006592 2.2210640907287598 2.2759249210357666 2.2973692417144775 2.2813804149627686 2.287147283554077 2.300917387008667 2.326005697250366 2.276632308959961 2.245305061340332 2.32688045501709 2.3494179248809814 2.3471381664276123 2.367888927459717 2.372363805770874 2.3868846893310547 2.4012351036071777 2.416452169418335 2.4276835918426514 2.441779136657715 2.459439754486084 2.479313611984253 2.4952211380004883 2.510237455368042 2.5253241062164307 2.5355401039123535 2.5491538047790527 2.567808151245117 2.5772705078125 2.5940847396850586 2.6040985584259033 2.6266486644744873 2.636169195175171 2.651271343231201 2.663717031478882 2.6756656169891357 2.6855955123901367 2.695995569229126 2.7099735736846924 2.7246451377868652 2.7412455081939697 2.747795343399048 2.7569446563720703 2.7708089351654053 2.7790915966033936 2.7900006771087646 2.797125816345215 2.814262866973877 2.8146846294403076
../machine-tasks/test_output_lookup_eos/lookup-3bit/samples/sample1/new_compositions.tsv
	acc 0.3125 0.3828125 0.4765625 0.5546875 0.515625 0.4921875 0.5078125 0.546875 0.5625 0.578125 0.5625 0.546875 0.59375 0.625 0.6328125 0.6171875 0.609375 0.609375 0.609375 0.625 0.6171875 0.609375 0.6640625 0.65625 0.6328125 0.6640625 0.640625 0.625 0.6171875 0.625 0.625 0.625 0.625 0.6640625 0.640625 0.6328125 0.6328125 0.625 0.6328125 0.6328125 0.640625 0.640625 0.6484375 0.6484375 0.6484375 0.6484375 0.6484375 0.65625 0.65625 0.65625 0.65625 0.6484375 0.65625 0.65625 0.65625 0.65625 0.65625 0.65625 0.65625 0.65625 0.65625 0.6640625 0.6640625 0.6640625 0.6640625 0.6640625 0.6640625 0.6640625 0.6640625 0.6640625 0.6640625 0.6640625 0.6640625 0.6640625
	seq_acc 0.0 0.0 0.0 0.0 0.0 0.0 0.0 0.0 0.0 0.0 0.0 0.0 0.0 0.0 0.0 0.0 0.0 0.0 0.0 0.0 0.0 0.0 0.0 0.0 0.0 0.0 0.0 0.0 0.0 0.0 0.0 0.0 0.0 0.0 0.0 0.0 0.0 0.0 0.0 0.0 0.0 0.0 0.0 0.0 0.0 0.0 0.0 0.0 0.0 0.0 0.0 0.0 0.0 0.0 0.0 0.0 0.0 0.0 0.0 0.0 0.0 0.0 0.0 0.0 0.0 0.0 0.0 0.0 0.0 0.0 0.0 0.0 0.0 0.0
	target_acc 0.0 0.09375 0.125 0.15625 0.09375 0.0 0.0 0.09375 0.0 0.0 0.0 0.0 0.0 0.0 0.0 0.0 0.0 0.0 0.0 0.0 0.0 0.0 0.0 0.0 0.0 0.0 0.0 0.0 0.0 0.0 0.0 0.0 0.0 0.0 0.0 0.0 0.0 0.0 0.0 0.0 0.0 0.0 0.0 0.0 0.0 0.0 0.0 0.0 0.0 0.0 0.0 0.0 0.0 0.0 0.0 0.0 0.0 0.0 0.0 0.0 0.0 0.0 0.0 0.0 0.0 0.0 0.0 0.0 0.0 0.0 0.0 0.0 0.0 0.0
	nll_loss 2.2924606800079346 1.6897979974746704 1.5278207063674927 1.3670300245285034 1.7335399389266968 2.0899174213409424 2.4059898853302 2.2209439277648926 2.632507562637329 2.675091028213501 2.676487445831299 2.5748536586761475 2.794315814971924 2.7952280044555664 2.8067569732666016 2.82102370262146 2.8140151500701904 2.8734302520751953 2.9325945377349854 2.9409303665161133 2.9820895195007324 2.83017897605896 3.012052536010742 2.9736411571502686 3.0041401386260986 3.060988426208496 3.086794376373291 3.1243085861206055 3.1513943672180176 3.154782295227051 3.176136016845703 3.1935412883758545 3.21295166015625 3.231238842010498 3.232485771179199 3.3142263889312744 3.289475202560425 3.2870757579803467 3.2861087322235107 3.2873647212982178 3.284392833709717 3.2940754890441895 3.311429262161255 3.3235764503479004 3.337754487991333 3.353335380554199 3.3745760917663574 3.385718584060669 3.4004428386688232 3.4138400554656982 3.429487705230713 3.4426498413085938 3.456267833709717 3.4673311710357666 3.4839038848876953 3.4978551864624023 3.516575336456299 3.5242366790771484 3.5406100749969482 3.5543787479400635 3.568916082382202 3.571864366531372 3.5817060470581055 3.5970633029937744 3.6108992099761963 3.6324455738067627 3.640713930130005 3.6547422409057617 3.667465925216675 3.6824843883514404 3.697932720184326 3.7089016437530518 3.728071451187134 3.735814332962036
../machine-tasks/test_output_lookup_eos/lookup-3bit/samples/sample1/longer_compositions_new.tsv
	acc 0.23125 0.33125 0.4125 0.44375 0.43125 0.4375 0.45625 0.4375 0.45 0.4375 0.4375 0.4375 0.4375 0.4625 0.46875 0.4625 0.4375 0.4625 0.45625 0.4625 0.4625 0.44375 0.4875 0.48125 0.49375 0.46875 0.46875 0.46875 0.475 0.4875 0.4875 0.4875 0.4875 0.475 0.46875 0.46875 0.4625 0.4625 0.4625 0.4625 0.4625 0.4625 0.4625 0.46875 0.46875 0.46875 0.46875 0.46875 0.46875 0.46875 0.46875 0.475 0.475 0.475 0.475 0.475 0.475 0.475 0.475 0.48125 0.48125 0.48125 0.48125 0.48125 0.48125 0.48125 0.48125 0.48125 0.48125 0.475 0.475 0.475 0.475 0.475
	seq_acc 0.0 0.0 0.0 0.0 0.0 0.0 0.0 0.0 0.0 0.0 0.0 0.0 0.0 0.0 0.0 0.0 0.0 0.0 0.0 0.0 0.0 0.0 0.0 0.0 0.0 0.0 0.0 0.0 0.0 0.0 0.0 0.0 0.0 0.0 0.0 0.0 0.0 0.0 0.0 0.0 0.0 0.0 0.0 0.0 0.0 0.0 0.0 0.0 0.0 0.0 0.0 0.0 0.0 0.0 0.0 0.0 0.0 0.0 0.0 0.0 0.0 0.0 0.0 0.0 0.0 0.0 0.0 0.0 0.0 0.0 0.0 0.0 0.0 0.0
	target_acc 0.0 0.0 0.0 0.0 0.0 0.0 0.0 0.0 0.0 0.0 0.0 0.0 0.0 0.0 0.0 0.0 0.0 0.0 0.0 0.0 0.0 0.0 0.0 0.0 0.0 0.0 0.0 0.0 0.0 0.0 0.0 0.0 0.0 0.0 0.0 0.0 0.0 0.0 0.0 0.0 0.0 0.0 0.0 0.0 0.0 0.0 0.0 0.0 0.0 0.0 0.0 0.0 0.0 0.0 0.0 0.0 0.0 0.0 0.0 0.0 0.0 0.0 0.0 0.0 0.0 0.0 0.0 0.0 0.0 0.0 0.0 0.0 0.0 0.0
	nll_loss 2.897754096984863 2.1476905822753904 2.347380256652832 2.3947786331176757 2.6869504928588865 2.993244171142578 3.3137138366699217 3.460363006591797 3.7811965942382812 3.943587875366211 4.003700637817383 4.055126190185547 4.228171920776367 4.66234016418457 4.53748893737793 4.444671630859375 4.366693115234375 4.471415710449219 4.6871379852294925 4.783510208129883 4.827523803710937 4.523048400878906 4.916859817504883 4.968112182617188 4.959023666381836 4.874430465698242 5.043474578857422 5.109971618652343 5.147796630859375 5.124708938598633 5.161962890625 5.178797912597656 5.233151245117187 5.135744857788086 5.285533142089844 5.340459823608398 5.387466049194336 5.406067276000977 5.425676345825195 5.42097282409668 5.446694946289062 5.477909851074219 5.480077743530273 5.505455780029297 5.5396465301513675 5.570363235473633 5.604441070556641 5.63995132446289 5.666474151611328 5.7005962371826175 5.727299499511719 5.7798301696777346 5.81348991394043 5.835189437866211 5.854746246337891 5.889720916748047 5.9166206359863285 5.944313812255859 5.9781230926513675 5.995698928833008 6.022835159301758 6.049850082397461 6.073889923095703 6.106680679321289 6.132080841064453 6.1629077911376955 6.187356948852539 6.219496154785157 6.245218658447266 6.287533950805664 6.313383483886719 6.337303161621094 6.371551132202148 6.3914649963378904
../machine-tasks/test_output_lookup_eos/lookup-3bit/samples/sample1/longer_compositions_incremental.tsv
	acc 0.275830258302583 0.38690036900369 0.4595940959409594 0.48118081180811806 0.49372693726937267 0.5059040590405904 0.529889298892989 0.5354243542435424 0.5662361623616237 0.5715867158671587 0.5830258302583026 0.5822878228782288 0.5883763837638376 0.5952029520295203 0.5959409594095941 0.5959409594095941 0.5977859778597786 0.5987084870848709 0.6033210332103321 0.6077490774907749 0.6092250922509225 0.609409594095941 0.6040590405904059 0.6035055350553505 0.6079335793357934 0.6112546125461255 0.6068265682656827 0.6083025830258303 0.607380073800738 0.6081180811808118 0.6088560885608856 0.6107011070110702 0.6095940959409594 0.5937269372693726 0.607380073800738 0.6062730627306273 0.6103321033210332 0.6130996309963099 0.6151291512915129 0.6153136531365314 0.6164206642066421 0.6162361623616236 0.6171586715867159 0.6175276752767528 0.6186346863468635 0.6186346863468635 0.6182656826568266 0.618450184501845 0.618450184501845 0.6186346863468635 0.6190036900369004 0.6188191881918819 0.6186346863468635 0.618450184501845 0.6190036900369004 0.6188191881918819 0.6191881918819189 0.6186346863468635 0.6190036900369004 0.618450184501845 0.6188191881918819 0.6190036900369004 0.6193726937269373 0.6191881918819189 0.6193726937269373 0.6206642066420665 0.6206642066420665 0.6210332103321033 0.6206642066420665 0.6214022140221402 0.622140221402214 0.6219557195571955 0.6217712177121771 0.6219557195571955
	seq_acc 0.0 0.0027675276752767526 0.0 0.0 0.0018450184501845018 0.0009225092250922509 0.007380073800738007 0.0 0.0009225092250922509 0.0 0.011992619926199263 0.006457564575645757 0.008302583025830259 0.01014760147601476 0.0036900369003690036 0.013837638376383764 0.007380073800738007 0.013837638376383764 0.0027675276752767526 0.0027675276752767526 0.012915129151291513 0.012915129151291513 0.0009225092250922509 0.0009225092250922509 0.0018450184501845018 0.0009225092250922509 0.0009225092250922509 0.0018450184501845018 0.0009225092250922509 0.0009225092250922509 0.0018450184501845018 0.0027675276752767526 0.0018450184501845018 0.0009225092250922509 0.00922509225092251 0.0 0.0009225092250922509 0.0018450184501845018 0.0018450184501845018 0.0027675276752767526 0.0027675276752767526 0.0027675276752767526 0.0036900369003690036 0.0036900369003690036 0.004612546125461255 0.0036900369003690036 0.004612546125461255 0.004612546125461255 0.004612546125461255 0.004612546125461255 0.004612546125461255 0.004612546125461255 0.0036900369003690036 0.0036900369003690036 0.0036900369003690036 0.0036900369003690036 0.0027675276752767526 0.0027675276752767526 0.0027675276752767526 0.0027675276752767526 0.0018450184501845018 0.0018450184501845018 0.0018450184501845018 0.0018450184501845018 0.0018450184501845018 0.0018450184501845018 0.0018450184501845018 0.0018450184501845018 0.0018450184501845018 0.0018450184501845018 0.0027675276752767526 0.0036900369003690036 0.0018450184501845018 0.0027675276752767526
	target_acc 0.0 0.06642066420664207 0.0 0.0 0.0027675276752767526 0.0027675276752767526 0.007380073800738007 0.0 0.0009225092250922509 0.0 0.011992619926199263 0.007380073800738007 0.008302583025830259 0.011992619926199263 0.005535055350553505 0.02214022140221402 0.008302583025830259 0.016605166051660517 0.0036900369003690036 0.0036900369003690036 0.014760147601476014 0.015682656826568265 0.0009225092250922509 0.0009225092250922509 0.0036900369003690036 0.0009225092250922509 0.0009225092250922509 0.0027675276752767526 0.0027675276752767526 0.0027675276752767526 0.004612546125461255 0.004612546125461255 0.004612546125461255 0.0018450184501845018 0.014760147601476014 0.0 0.0009225092250922509 0.0018450184501845018 0.0018450184501845018 0.0027675276752767526 0.0027675276752767526 0.0027675276752767526 0.0036900369003690036 0.0036900369003690036 0.004612546125461255 0.004612546125461255 0.005535055350553505 0.005535055350553505 0.005535055350553505 0.005535055350553505 0.005535055350553505 0.005535055350553505 0.004612546125461255 0.0036900369003690036 0.0036900369003690036 0.0036900369003690036 0.0027675276752767526 0.0027675276752767526 0.0027675276752767526 0.0027675276752767526 0.0018450184501845018 0.0018450184501845018 0.0018450184501845018 0.0018450184501845018 0.0018450184501845018 0.0018450184501845018 0.0018450184501845018 0.0018450184501845018 0.0018450184501845018 0.0018450184501845018 0.0027675276752767526 0.0036900369003690036 0.0018450184501845018 0.0027675276752767526
	nll_loss 2.33770809173584 1.680638313293457 1.8898059844970703 1.968778419494629 2.0650781631469726 2.20205135345459 2.35565242767334 2.3344436645507813 2.4749465942382813 2.4449899673461912 2.378640556335449 2.458718681335449 2.4749530792236327 2.6043231964111326 2.5691585540771484 2.454621696472168 2.4612661361694337 2.5624677658081056 2.772085762023926 2.829123687744141 2.790297508239746 2.671854591369629 3.0132108688354493 2.980605697631836 3.046745491027832 3.0002677917480467 3.1224369049072265 3.156629943847656 3.1800485610961915 3.179271697998047 3.202109146118164 3.219587707519531 3.2419448852539063 3.3388580322265624 3.0177848815917967 3.4730674743652346 3.4641883850097654 3.46876220703125 3.4778011322021483 3.485425567626953 3.4970466613769533 3.5134449005126953 3.531119537353516 3.5412750244140625 3.5587932586669924 3.5826847076416017 3.607645797729492 3.6280887603759764 3.644636535644531 3.6639862060546875 3.6799392700195312 3.6969009399414063 3.71893196105957 3.7365726470947265 3.7517417907714843 3.763991928100586 3.789476776123047 3.8071765899658203 3.8276699066162108 3.8463855743408204 3.8604625701904296 3.874995803833008 3.889504623413086 3.912786102294922 3.9337322235107424 3.9540611267089845 3.966579818725586 3.984918975830078 4.003822708129883 4.021183776855469 4.041046905517578 4.05125732421875 4.074490737915039 4.088788604736328
../machine-tasks/test_output_lookup_eos/lookup-3bit/samples/sample1/longer_compositions_seen.tsv
	acc 0.28051470588235294 0.4275735294117647 0.4808823529411765 0.5143382352941176 0.5422794117647058 0.5496323529411765 0.5897058823529412 0.5841911764705883 0.6246323529411765 0.638235294117647 0.6511029411764706 0.6536764705882353 0.6647058823529411 0.6713235294117647 0.6738970588235295 0.674264705882353 0.6827205882352941 0.6919117647058823 0.6930147058823529 0.6948529411764706 0.7058823529411765 0.6970588235294117 0.6889705882352941 0.6919117647058823 0.6930147058823529 0.6908088235294118 0.6933823529411764 0.6919117647058823 0.6933823529411764 0.6933823529411764 0.6941176470588235 0.694485294117647 0.69375 0.6691176470588235 0.6948529411764706 0.6952205882352941 0.6988970588235294 0.7011029411764705 0.7025735294117647 0.7036764705882353 0.7022058823529411 0.7025735294117647 0.7029411764705882 0.7033088235294118 0.7044117647058824 0.7047794117647059 0.7047794117647059 0.7051470588235295 0.7044117647058824 0.7044117647058824 0.705514705882353 0.70625 0.7047794117647059 0.7033088235294118 0.7047794117647059 0.7047794117647059 0.7047794117647059 0.7051470588235295 0.7051470588235295 0.7047794117647059 0.705514705882353 0.7069852941176471 0.7069852941176471 0.7073529411764706 0.7069852941176471 0.7077205882352942 0.7073529411764706 0.7073529411764706 0.7073529411764706 0.7077205882352942 0.7077205882352942 0.7073529411764706 0.7058823529411765 0.7058823529411765
	seq_acc 0.0 0.003676470588235294 0.0 0.0 0.003676470588235294 0.001838235294117647 0.011029411764705883 0.0 0.0 0.0 0.022058823529411766 0.016544117647058824 0.016544117647058824 0.016544117647058824 0.011029411764705883 0.03308823529411765 0.007352941176470588 0.03676470588235294 0.011029411764705883 0.007352941176470588 0.03676470588235294 0.027573529411764705 0.0 0.001838235294117647 0.001838235294117647 0.001838235294117647 0.0 0.0 0.003676470588235294 0.003676470588235294 0.003676470588235294 0.001838235294117647 0.003676470588235294 0.001838235294117647 0.025735294117647058 0.0 0.0 0.0 0.0 0.0 0.0 0.0 0.001838235294117647 0.003676470588235294 0.0055147058823529415 0.0055147058823529415 0.0055147058823529415 0.0055147058823529415 0.003676470588235294 0.001838235294117647 0.003676470588235294 0.0055147058823529415 0.003676470588235294 0.003676470588235294 0.0055147058823529415 0.0055147058823529415 0.001838235294117647 0.001838235294117647 0.001838235294117647 0.003676470588235294 0.003676470588235294 0.003676470588235294 0.003676470588235294 0.003676470588235294 0.003676470588235294 0.003676470588235294 0.003676470588235294 0.003676470588235294 0.003676470588235294 0.003676470588235294 0.003676470588235294 0.003676470588235294 0.001838235294117647 0.001838235294117647
	target_acc 0.0 0.1213235294117647 0.0 0.0 0.0055147058823529415 0.012867647058823529 0.011029411764705883 0.0 0.0 0.0 0.02389705882352941 0.01838235294117647 0.016544117647058824 0.01838235294117647 0.014705882352941176 0.051470588235294115 0.009191176470588236 0.042279411764705885 0.012867647058823529 0.009191176470588236 0.04044117647058824 0.03308823529411765 0.0 0.001838235294117647 0.003676470588235294 0.001838235294117647 0.0 0.0 0.003676470588235294 0.003676470588235294 0.0055147058823529415 0.003676470588235294 0.0055147058823529415 0.003676470588235294 0.027573529411764705 0.0 0.0 0.0 0.0 0.0 0.0 0.0 0.001838235294117647 0.003676470588235294 0.0055147058823529415 0.0055147058823529415 0.0055147058823529415 0.0055147058823529415 0.003676470588235294 0.001838235294117647 0.003676470588235294 0.0055147058823529415 0.003676470588235294 0.0055147058823529415 0.007352941176470588 0.007352941176470588 0.003676470588235294 0.003676470588235294 0.003676470588235294 0.0055147058823529415 0.0055147058823529415 0.0055147058823529415 0.0055147058823529415 0.0055147058823529415 0.0055147058823529415 0.0055147058823529415 0.0055147058823529415 0.0055147058823529415 0.0055147058823529415 0.0055147058823529415 0.0055147058823529415 0.0055147058823529415 0.003676470588235294 0.003676470588235294
	nll_loss 2.223610687255859 1.5744988441467285 1.772517204284668 1.8031732559204101 1.836202049255371 1.925766944885254 2.048050880432129 1.9905078887939454 2.1015430450439454 2.0098703384399412 1.8663764953613282 1.918862533569336 1.8883684158325196 1.9835124969482423 1.9293054580688476 1.7436159133911133 1.761235237121582 1.8268484115600585 2.053029441833496 2.1022647857666015 1.9986799240112305 1.9338764190673827 2.2655317306518556 2.2226560592651365 2.2690515518188477 2.214616584777832 2.3347295761108398 2.368453025817871 2.3807273864746095 2.373560905456543 2.3910776138305665 2.4007139205932617 2.410674476623535 2.626139831542969 2.131837844848633 2.652965545654297 2.611343002319336 2.6103841781616213 2.6166574478149416 2.6189966201782227 2.632047653198242 2.6426214218139648 2.65067138671875 2.6583003997802734 2.671154022216797 2.683736228942871 2.700222969055176 2.7186899185180664 2.730800247192383 2.7486604690551757 2.757513236999512 2.768987846374512 2.7903228759765626 2.801291084289551 2.8127309799194338 2.8207881927490233 2.8420860290527346 2.8491321563720704 2.8668420791625975 2.8811731338500977 2.8932661056518554 2.902974510192871 2.913776397705078 2.9354246139526365 2.954924201965332 2.9759548187255858 2.985014724731445 3.0007345199584963 3.0173789978027346 3.0306034088134766 3.047808837890625 3.054313850402832 3.079279136657715 3.089697265625
