steps 0 160000 240000 320000 400000
Train
	bleu 0 9.820234274054863 9.62803297164919 10.640174843464278 9.139132063954904
	nll_loss 0 4.802670920855792 4.748130514337028 4.78840889088442 4.709396301160035
	seq_acc 0 0.015668415248273927 0.01682851062187748 0.016758708273126758 0.01654954700979273
	acc 0 0.16864152694532084 0.1705887759303927 0.16848887177470634 0.1714049221775852
../machine-tasks/NMT/medium/test.tsv
	bleu 0 5.508102456637988 4.982331557770279 5.794039173127855 4.552669657127123
	nll_loss 0 4.564313616071429 4.553574044363839 4.564885602678571 4.497630092075893
	seq_acc 0 0.0035971223021582736 0.0035971223021582736 0.0035971223021582736 0.0028776978417266188
	acc 0 0.15414689514921256 0.15476171708732048 0.1508205508173979 0.15465136443176264
