steps 0 160000 240000 320000 400000
Train
	nll_loss 0 4.823202482581599 4.917451082454052 4.812743495044174 4.788616997816615
	seq_acc 0 0.013367641351599593 0.014055587739463225 0.013801939767946516 0.013988734785730138
	bleu 0 8.599615838648957 9.643860195632046 8.5814094927452 8.785517286579289
	acc 0 0.16113804192315823 0.15357923720494382 0.15376430516411682 0.15764992306602363
../machine-tasks/NMT/medium/test.tsv
	nll_loss 0 4.574910627092634 4.681255667550223 4.602634974888393 4.563984462193081
	seq_acc 0 0.00035971223021582735 0.001079136690647482 0.0007194244604316547 0.002158273381294964
	bleu 0 4.549677240915731 5.3080222821378635 4.585426495050084 4.563015658285103
	acc 0 0.14730503050462693 0.1396749326060568 0.13896552267747073 0.14435703813472484
