steps 200 300 400 500 600 700 800 900 1000 1100 1200 1300 1400 1500 1600 1700 1800 1900 2000 2100 2200 2300 2400 2500 2600 2700 2800 2900 3000 3100 3200 3300 3400 3500 3600 3700 3800 3900 4000 4100 4200 4300 4400 4500 4600 4700 4800 4900 5000 5100 5200 5300 5400 5500 5600 5700 5800 5900 6000 6100 6200 6300 6400 6500 6600 6700 6800 6900 7000 7100 7200 7300 7400 7500
Train
	acc 0.3726851851851852 0.5532407407407407 0.6574074074074074 0.6898148148148148 0.7395833333333334 0.7881944444444444 0.8564814814814815 0.8807870370370371 0.9097222222222222 0.9398148148148148 0.9722222222222222 0.9918981481481481 0.9884259259259259 0.9988425925925926 1.0 1.0 1.0 1.0 1.0 1.0 1.0 1.0 1.0 1.0 1.0 1.0 1.0 1.0 1.0 1.0 1.0 1.0 1.0 1.0 1.0 1.0 1.0 1.0 1.0 1.0 1.0 1.0 1.0 1.0 1.0 1.0 1.0 1.0 1.0 1.0 1.0 1.0 1.0 1.0 1.0 1.0 1.0 1.0 1.0 1.0 1.0 1.0 1.0 1.0 1.0 1.0 1.0 1.0 1.0 0.9768518518518519 1.0 1.0 1.0 1.0
	seq_acc 0.017241379310344827 0.07327586206896551 0.15086206896551724 0.17672413793103448 0.25862068965517243 0.3706896551724138 0.5086206896551724 0.5905172413793104 0.6853448275862069 0.7758620689655172 0.896551724137931 0.9698275862068966 0.9568965517241379 0.9956896551724138 1.0 1.0 1.0 1.0 1.0 1.0 1.0 1.0 1.0 1.0 1.0 1.0 1.0 1.0 1.0 1.0 1.0 1.0 1.0 1.0 1.0 1.0 1.0 1.0 1.0 1.0 1.0 1.0 1.0 1.0 1.0 1.0 1.0 1.0 1.0 1.0 1.0 1.0 1.0 1.0 1.0 1.0 1.0 1.0 1.0 1.0 1.0 1.0 1.0 1.0 1.0 1.0 1.0 1.0 1.0 0.9310344827586207 1.0 1.0 1.0 1.0
	target_acc 0.13793103448275862 0.20689655172413793 0.25 0.27155172413793105 0.3275862068965517 0.4051724137931034 0.5474137931034483 0.5991379310344828 0.6853448275862069 0.7887931034482759 0.896551724137931 0.9698275862068966 0.9612068965517241 0.9956896551724138 1.0 1.0 1.0 1.0 1.0 1.0 1.0 1.0 1.0 1.0 1.0 1.0 1.0 1.0 1.0 1.0 1.0 1.0 1.0 1.0 1.0 1.0 1.0 1.0 1.0 1.0 1.0 1.0 1.0 1.0 1.0 1.0 1.0 1.0 1.0 1.0 1.0 1.0 1.0 1.0 1.0 1.0 1.0 1.0 1.0 1.0 1.0 1.0 1.0 1.0 1.0 1.0 1.0 1.0 1.0 0.9482758620689655 1.0 1.0 1.0 1.0
	nll_loss 1.4362163543701172 1.215969443321228 0.9373160004615784 0.7739529609680176 0.653418242931366 0.5351349115371704 0.4286167621612549 0.33545321226119995 0.2833069860935211 0.20929943025112152 0.17326781153678894 0.11201399564743042 0.09545271098613739 0.056706443428993225 0.04111013188958168 0.040570374578237534 0.024476872757077217 0.019389282912015915 0.01586330309510231 0.013258046470582485 0.011279081925749779 0.009692409075796604 0.008431288413703442 0.007412522565573454 0.0065480927005410194 0.0058213393203914165 0.005206833593547344 0.004676258657127619 0.004218037240207195 0.00381851801648736 0.0034701309632509947 0.0031609865836799145 0.002888759132474661 0.0026425772812217474 0.0024229937698692083 0.0022253687493503094 0.0020474568009376526 0.0018875370733439922 0.00174270651768893 0.001611124025657773 0.0014910496538504958 0.0013827676884829998 0.0012842192081734538 0.0011934208450838923 0.0011106450110673904 0.0010347170755267143 0.0009655727772042155 0.0009017442935146391 0.0008429167792201042 0.0007881784695200622 0.0007379372837021947 0.000690447457600385 0.0006469602813012898 0.0006064301123842597 0.000569636991713196 0.000533516111318022 0.0005009436281397939 0.0004705494793597609 0.00044200141564942896 0.0004159109084866941 0.0003918764414265752 0.00036827436997555196 0.00034681582474149764 0.00032650044886395335 0.00030760152731090784 0.0002899365790653974 0.0002734247827902436 0.0002579712017904967 0.0002639595477376133 0.0985366627573967 0.006962115410715342 0.0035123978741467 0.0025879591703414917 0.002061073435470462
../machine-tasks/test_output_lookup_eos/lookup-3bit/samples/sample1/validation.tsv
	acc 0.28125 0.5 0.53125 0.609375 0.640625 0.6875 0.671875 0.671875 0.734375 0.703125 0.71875 0.734375 0.703125 0.734375 0.734375 0.734375 0.734375 0.71875 0.71875 0.71875 0.71875 0.71875 0.734375 0.734375 0.734375 0.734375 0.734375 0.734375 0.734375 0.734375 0.734375 0.734375 0.734375 0.734375 0.734375 0.734375 0.734375 0.734375 0.734375 0.734375 0.734375 0.734375 0.734375 0.734375 0.734375 0.734375 0.734375 0.734375 0.734375 0.734375 0.734375 0.734375 0.734375 0.734375 0.734375 0.734375 0.734375 0.734375 0.734375 0.734375 0.734375 0.734375 0.734375 0.734375 0.734375 0.734375 0.734375 0.734375 0.734375 0.796875 0.78125 0.78125 0.78125 0.78125
	seq_acc 0.0 0.0625 0.0625 0.0625 0.125 0.1875 0.1875 0.125 0.1875 0.1875 0.25 0.25 0.1875 0.25 0.25 0.25 0.25 0.1875 0.1875 0.1875 0.1875 0.1875 0.1875 0.1875 0.1875 0.1875 0.1875 0.1875 0.1875 0.1875 0.1875 0.1875 0.1875 0.1875 0.1875 0.1875 0.1875 0.1875 0.1875 0.1875 0.1875 0.1875 0.1875 0.1875 0.1875 0.1875 0.1875 0.1875 0.1875 0.1875 0.1875 0.1875 0.1875 0.1875 0.1875 0.1875 0.1875 0.1875 0.1875 0.1875 0.1875 0.1875 0.1875 0.1875 0.1875 0.1875 0.1875 0.1875 0.1875 0.25 0.25 0.25 0.25 0.25
	target_acc 0.125 0.1875 0.0625 0.125 0.125 0.25 0.1875 0.125 0.25 0.25 0.25 0.25 0.25 0.25 0.25 0.25 0.25 0.1875 0.1875 0.1875 0.1875 0.1875 0.25 0.25 0.25 0.25 0.25 0.25 0.25 0.25 0.25 0.25 0.25 0.25 0.25 0.25 0.25 0.25 0.25 0.25 0.25 0.25 0.25 0.25 0.25 0.25 0.25 0.25 0.25 0.25 0.25 0.1875 0.1875 0.1875 0.1875 0.1875 0.1875 0.1875 0.1875 0.1875 0.1875 0.1875 0.1875 0.1875 0.1875 0.1875 0.1875 0.1875 0.25 0.3125 0.25 0.25 0.25 0.25
	nll_loss 1.608661413192749 1.4267066717147827 1.192719578742981 1.1411913633346558 1.0726920366287231 1.0623904466629028 1.0311986207962036 1.1430273056030273 0.9670683741569519 0.9699499607086182 1.0463310480117798 1.0283586978912354 1.1241693496704102 1.0627684593200684 1.1036964654922485 1.200102686882019 1.1658666133880615 1.204297423362732 1.206012487411499 1.228362798690796 1.24411141872406 1.256149411201477 1.274794578552246 1.2892084121704102 1.3018617630004883 1.316459059715271 1.3344725370407104 1.3460768461227417 1.3577275276184082 1.3791236877441406 1.3937208652496338 1.4007014036178589 1.415000557899475 1.4251700639724731 1.4381029605865479 1.4607229232788086 1.4645851850509644 1.4753037691116333 1.4858472347259521 1.4997878074645996 1.5085090398788452 1.522408366203308 1.5276026725769043 1.5357270240783691 1.5390135049819946 1.5484390258789062 1.5583410263061523 1.5632373094558716 1.5701038837432861 1.5769660472869873 1.5833252668380737 1.6039313077926636 1.610533595085144 1.6163814067840576 1.6168301105499268 1.6214323043823242 1.6209800243377686 1.6361490488052368 1.6404510736465454 1.64657461643219 1.6549590826034546 1.6604195833206177 1.6660219430923462 1.6678810119628906 1.6811531782150269 1.684396505355835 1.6872587203979492 1.6921098232269287 1.6996419429779053 0.9830955266952515 1.2380282878875732 1.3025306463241577 1.3384501934051514 1.3682951927185059
../machine-tasks/test_output_lookup_eos/lookup-3bit/samples/sample1/heldout_compositions.tsv
	acc 0.34375 0.4921875 0.59765625 0.625 0.6484375 0.6796875 0.72265625 0.76171875 0.77734375 0.78515625 0.796875 0.796875 0.79296875 0.8046875 0.8125 0.828125 0.81640625 0.80859375 0.8125 0.8046875 0.80859375 0.8125 0.8125 0.8125 0.8203125 0.81640625 0.8203125 0.82421875 0.82421875 0.82421875 0.82421875 0.82421875 0.82421875 0.82421875 0.828125 0.828125 0.828125 0.828125 0.828125 0.828125 0.828125 0.828125 0.828125 0.828125 0.828125 0.828125 0.828125 0.828125 0.828125 0.828125 0.828125 0.83203125 0.83203125 0.83203125 0.83203125 0.83203125 0.83203125 0.83203125 0.83203125 0.83203125 0.83203125 0.83203125 0.83203125 0.83203125 0.8359375 0.8359375 0.8359375 0.8359375 0.8359375 0.7578125 0.828125 0.80859375 0.8125 0.80859375
	seq_acc 0.015625 0.03125 0.046875 0.046875 0.109375 0.125 0.15625 0.203125 0.21875 0.25 0.25 0.28125 0.265625 0.28125 0.3125 0.375 0.34375 0.3125 0.34375 0.3125 0.3125 0.3125 0.3125 0.3125 0.3125 0.3125 0.3125 0.3125 0.3125 0.3125 0.3125 0.3125 0.3125 0.3125 0.3125 0.3125 0.3125 0.3125 0.3125 0.3125 0.3125 0.3125 0.3125 0.3125 0.3125 0.3125 0.3125 0.3125 0.3125 0.3125 0.3125 0.328125 0.328125 0.328125 0.328125 0.328125 0.328125 0.328125 0.328125 0.328125 0.328125 0.328125 0.328125 0.328125 0.34375 0.34375 0.34375 0.34375 0.359375 0.234375 0.40625 0.34375 0.359375 0.34375
	target_acc 0.125 0.109375 0.140625 0.125 0.171875 0.203125 0.21875 0.234375 0.3125 0.296875 0.3125 0.328125 0.328125 0.328125 0.34375 0.40625 0.359375 0.34375 0.375 0.328125 0.328125 0.328125 0.328125 0.328125 0.34375 0.328125 0.328125 0.34375 0.34375 0.34375 0.34375 0.34375 0.34375 0.34375 0.34375 0.34375 0.34375 0.34375 0.34375 0.34375 0.34375 0.34375 0.34375 0.34375 0.34375 0.34375 0.34375 0.34375 0.34375 0.34375 0.34375 0.359375 0.34375 0.34375 0.34375 0.34375 0.34375 0.34375 0.34375 0.34375 0.34375 0.34375 0.34375 0.34375 0.359375 0.359375 0.359375 0.359375 0.375 0.3125 0.421875 0.34375 0.359375 0.34375
	nll_loss 1.5796176195144653 1.4007047414779663 1.1573538780212402 1.0284377336502075 0.9311721324920654 0.8715591430664062 0.7757336497306824 0.718305766582489 0.7184847593307495 0.6911352276802063 0.7010045647621155 0.6938618421554565 0.7326058745384216 0.6987205743789673 0.7136918306350708 0.7235245108604431 0.7359230518341064 0.7503501176834106 0.761956512928009 0.7812784910202026 0.7926969528198242 0.8053724765777588 0.8168438076972961 0.8299453854560852 0.8213260173797607 0.8313120603561401 0.8426635265350342 0.851725697517395 0.8630358576774597 0.8719139695167542 0.8805262446403503 0.8887773752212524 0.8976967334747314 0.9055934548377991 0.9118593335151672 0.9197534322738647 0.9273579716682434 0.9329032897949219 0.943026065826416 0.9495519995689392 0.9561116695404053 0.9634606242179871 0.9688162803649902 0.9753556251525879 0.9778496623039246 0.9872304201126099 0.9920795559883118 0.9958460927009583 1.0007354021072388 1.007601261138916 1.0132824182510376 1.0198500156402588 1.0293523073196411 1.0330815315246582 1.0411089658737183 1.046457052230835 1.0513445138931274 1.0569125413894653 1.0628986358642578 1.067972183227539 1.0780895948410034 1.0795187950134277 1.0857038497924805 1.094596028327942 1.0993400812149048 1.1057660579681396 1.1091115474700928 1.1154605150222778 1.1275503635406494 1.027725338935852 0.9208876490592957 0.978781521320343 1.000065565109253 1.012938380241394
../machine-tasks/test_output_lookup_eos/lookup-3bit/samples/sample1/heldout_inputs.tsv
	acc 0.31875 0.5625 0.6 0.625 0.6625 0.7125 0.7125 0.73125 0.74375 0.7625 0.79375 0.7875 0.79375 0.79375 0.80625 0.81875 0.8125 0.8 0.80625 0.80625 0.8 0.8 0.79375 0.79375 0.79375 0.8 0.79375 0.79375 0.79375 0.79375 0.79375 0.79375 0.79375 0.79375 0.79375 0.79375 0.79375 0.79375 0.79375 0.79375 0.79375 0.79375 0.79375 0.79375 0.79375 0.79375 0.8 0.8 0.8 0.8 0.8 0.8 0.8 0.8 0.8 0.8 0.8 0.8 0.8 0.8 0.8 0.8 0.8 0.80625 0.80625 0.80625 0.8125 0.8125 0.80625 0.79375 0.80625 0.80625 0.80625 0.8
	seq_acc 0.0 0.125 0.1 0.1 0.125 0.175 0.125 0.175 0.175 0.15 0.275 0.225 0.3 0.275 0.3 0.35 0.325 0.3 0.325 0.325 0.3 0.3 0.3 0.3 0.3 0.3 0.275 0.275 0.275 0.275 0.275 0.275 0.275 0.275 0.275 0.275 0.275 0.275 0.275 0.275 0.275 0.275 0.275 0.275 0.275 0.275 0.275 0.275 0.275 0.275 0.275 0.275 0.275 0.275 0.275 0.275 0.275 0.275 0.275 0.275 0.275 0.275 0.275 0.275 0.275 0.275 0.3 0.3 0.275 0.275 0.3 0.325 0.325 0.3
	target_acc 0.125 0.225 0.175 0.15 0.175 0.2 0.125 0.2 0.175 0.175 0.3 0.25 0.325 0.3 0.325 0.375 0.35 0.325 0.35 0.35 0.325 0.325 0.325 0.325 0.325 0.3 0.275 0.275 0.275 0.275 0.275 0.275 0.275 0.275 0.275 0.275 0.275 0.275 0.275 0.275 0.275 0.275 0.275 0.275 0.275 0.275 0.275 0.275 0.275 0.275 0.275 0.275 0.275 0.275 0.275 0.275 0.275 0.275 0.275 0.275 0.275 0.275 0.275 0.275 0.275 0.275 0.3 0.3 0.275 0.3 0.325 0.325 0.325 0.3
	nll_loss 1.5839935541152954 1.3486075401306152 1.121321678161621 0.9891449809074402 0.8726499676704407 0.828106164932251 0.7784181237220764 0.755246102809906 0.7368331551551819 0.725459098815918 0.768828272819519 0.7769476771354675 0.8144600987434387 0.807637095451355 0.8062129616737366 0.7977835536003113 0.833770751953125 0.8476983904838562 0.8565835356712341 0.8688769340515137 0.8785187602043152 0.8863064646720886 0.9216747283935547 0.9287563562393188 0.9358764886856079 0.9765393137931824 0.9904505014419556 0.9990580081939697 1.009469985961914 1.0214729309082031 1.0272029638290405 1.037609577178955 1.0486668348312378 1.0548694133758545 1.066673994064331 1.0748953819274902 1.0857752561569214 1.0960211753845215 1.1050529479980469 1.1171070337295532 1.122801661491394 1.1342759132385254 1.1423078775405884 1.1497665643692017 1.1588231325149536 1.1660066843032837 1.1650301218032837 1.1711006164550781 1.1810764074325562 1.185271143913269 1.1936203241348267 1.2039240598678589 1.2080944776535034 1.2186963558197021 1.2299833297729492 1.2322129011154175 1.2394224405288696 1.249643087387085 1.2621910572052002 1.2670097351074219 1.2704516649246216 1.2854266166687012 1.2915996313095093 1.2739129066467285 1.2865965366363525 1.292985200881958 1.301166296005249 1.2990370988845825 1.3092237710952759 0.994549572467804 1.0120402574539185 1.0513968467712402 1.0745809078216553 1.090842604637146
../machine-tasks/test_output_lookup_eos/lookup-3bit/samples/sample1/heldout_tables.tsv
	acc 0.3125 0.4518229166666667 0.5377604166666666 0.5703125 0.5963541666666666 0.6041666666666666 0.62890625 0.61328125 0.6263020833333334 0.63671875 0.6328125 0.6315104166666666 0.6315104166666666 0.640625 0.6419270833333334 0.6458333333333334 0.64453125 0.6458333333333334 0.6432291666666666 0.6419270833333334 0.640625 0.6432291666666666 0.6471354166666666 0.6471354166666666 0.6458333333333334 0.6471354166666666 0.6497395833333334 0.6497395833333334 0.6510416666666666 0.6510416666666666 0.6510416666666666 0.6510416666666666 0.6510416666666666 0.6497395833333334 0.6484375 0.6484375 0.6471354166666666 0.6471354166666666 0.6458333333333334 0.6458333333333334 0.6471354166666666 0.6484375 0.6471354166666666 0.6471354166666666 0.6471354166666666 0.6471354166666666 0.6471354166666666 0.6471354166666666 0.6471354166666666 0.6484375 0.6458333333333334 0.6471354166666666 0.6484375 0.6484375 0.6471354166666666 0.6458333333333334 0.6471354166666666 0.6471354166666666 0.6471354166666666 0.6471354166666666 0.6471354166666666 0.6471354166666666 0.6484375 0.6484375 0.6497395833333334 0.6497395833333334 0.6497395833333334 0.6497395833333334 0.6510416666666666 0.6236979166666666 0.6484375 0.6380208333333334 0.6419270833333334 0.6458333333333334
	seq_acc 0.0 0.0 0.0 0.0 0.026041666666666668 0.036458333333333336 0.052083333333333336 0.036458333333333336 0.03125 0.046875 0.041666666666666664 0.041666666666666664 0.046875 0.041666666666666664 0.046875 0.046875 0.046875 0.046875 0.041666666666666664 0.036458333333333336 0.036458333333333336 0.036458333333333336 0.036458333333333336 0.036458333333333336 0.036458333333333336 0.036458333333333336 0.041666666666666664 0.041666666666666664 0.041666666666666664 0.041666666666666664 0.041666666666666664 0.041666666666666664 0.041666666666666664 0.041666666666666664 0.036458333333333336 0.036458333333333336 0.03125 0.03125 0.026041666666666668 0.026041666666666668 0.03125 0.03125 0.03125 0.03125 0.03125 0.03125 0.03125 0.03125 0.03125 0.036458333333333336 0.03125 0.03125 0.036458333333333336 0.036458333333333336 0.03125 0.026041666666666668 0.03125 0.03125 0.03125 0.03125 0.03125 0.03125 0.03125 0.03125 0.036458333333333336 0.036458333333333336 0.036458333333333336 0.036458333333333336 0.036458333333333336 0.005208333333333333 0.010416666666666666 0.010416666666666666 0.010416666666666666 0.010416666666666666
	target_acc 0.0 0.026041666666666668 0.0625 0.078125 0.109375 0.08854166666666667 0.125 0.0625 0.046875 0.0625 0.078125 0.052083333333333336 0.07291666666666667 0.078125 0.07291666666666667 0.07291666666666667 0.06770833333333333 0.0625 0.057291666666666664 0.052083333333333336 0.046875 0.052083333333333336 0.052083333333333336 0.052083333333333336 0.046875 0.052083333333333336 0.057291666666666664 0.057291666666666664 0.057291666666666664 0.057291666666666664 0.057291666666666664 0.057291666666666664 0.057291666666666664 0.052083333333333336 0.046875 0.046875 0.041666666666666664 0.041666666666666664 0.036458333333333336 0.036458333333333336 0.041666666666666664 0.041666666666666664 0.036458333333333336 0.036458333333333336 0.036458333333333336 0.036458333333333336 0.036458333333333336 0.03125 0.03125 0.036458333333333336 0.03125 0.03125 0.036458333333333336 0.036458333333333336 0.03125 0.026041666666666668 0.03125 0.03125 0.03125 0.03125 0.03125 0.03125 0.03125 0.03125 0.036458333333333336 0.036458333333333336 0.036458333333333336 0.036458333333333336 0.041666666666666664 0.015625 0.015625 0.015625 0.015625 0.015625
	nll_loss 1.7463035583496094 1.6074635982513428 1.3161920309066772 1.2091894149780273 1.1750901937484741 1.2903181314468384 1.2514888048171997 1.528380036354065 1.7222537994384766 1.835079550743103 1.670642614364624 1.830444097518921 1.6085436344146729 1.803871989250183 1.8694496154785156 1.9936857223510742 2.0226006507873535 2.0784072875976562 2.1215152740478516 2.165527582168579 2.2237932682037354 2.2569332122802734 2.2887227535247803 2.3193628787994385 2.349248170852661 2.3828883171081543 2.416269063949585 2.441667318344116 2.465895175933838 2.4916961193084717 2.5195319652557373 2.5408077239990234 2.5603973865509033 2.5820977687835693 2.606489896774292 2.629348039627075 2.645493507385254 2.667229413986206 2.6874606609344482 2.7122976779937744 2.7350237369537354 2.7521233558654785 2.778219699859619 2.7970664501190186 2.821687698364258 2.841611385345459 2.8645660877227783 2.873169183731079 2.8945670127868652 2.9121053218841553 2.932548761367798 2.9564201831817627 2.9668807983398438 2.9852700233459473 3.007615566253662 3.0144553184509277 3.029683828353882 3.0548665523529053 3.064635753631592 3.073718786239624 3.0791988372802734 3.107287645339966 3.110809564590454 3.128993034362793 3.150691509246826 3.1565935611724854 3.176903247833252 3.182429075241089 3.2025322914123535 2.3265349864959717 2.5991034507751465 2.788391351699829 2.9040684700012207 3.0046639442443848
../machine-tasks/test_output_lookup_eos/lookup-3bit/samples/sample1/new_compositions.tsv
	acc 0.3359375 0.3984375 0.5078125 0.546875 0.515625 0.53125 0.515625 0.5234375 0.5703125 0.6171875 0.6015625 0.6328125 0.6328125 0.640625 0.6484375 0.65625 0.6484375 0.640625 0.640625 0.640625 0.640625 0.640625 0.640625 0.640625 0.640625 0.6484375 0.6484375 0.6484375 0.6484375 0.6484375 0.6484375 0.6484375 0.6484375 0.6484375 0.6484375 0.6484375 0.6484375 0.6484375 0.6484375 0.6484375 0.6484375 0.6484375 0.6484375 0.6484375 0.65625 0.65625 0.65625 0.65625 0.65625 0.65625 0.65625 0.65625 0.65625 0.65625 0.65625 0.65625 0.6640625 0.6640625 0.6640625 0.6640625 0.6640625 0.6640625 0.6640625 0.6640625 0.6640625 0.6640625 0.6640625 0.6640625 0.6640625 0.6953125 0.703125 0.6953125 0.6953125 0.703125
	seq_acc 0.0 0.0 0.0 0.0 0.0 0.0 0.0 0.0 0.0 0.0 0.0 0.0 0.0 0.0 0.0 0.0 0.0 0.0 0.0 0.0 0.0 0.0 0.0 0.0 0.0 0.0 0.0 0.0 0.0 0.0 0.0 0.0 0.0 0.0 0.0 0.0 0.0 0.0 0.0 0.0 0.0 0.0 0.0 0.0 0.0 0.0 0.0 0.0 0.0 0.0 0.0 0.0 0.0 0.0 0.0 0.0 0.0 0.0 0.0 0.0 0.0 0.0 0.0 0.0 0.0 0.0 0.0 0.0 0.0 0.0 0.0 0.0 0.0 0.0
	target_acc 0.0 0.03125 0.09375 0.125 0.03125 0.0 0.0 0.0 0.0 0.0 0.0 0.0 0.0 0.0 0.0 0.0 0.0 0.0 0.0 0.0 0.0 0.0 0.0 0.0 0.0 0.0 0.0 0.0 0.0 0.0 0.0 0.0 0.0 0.0 0.0 0.0 0.0 0.0 0.0 0.0 0.0 0.0 0.0 0.0 0.0 0.0 0.0 0.0 0.0 0.0 0.0 0.0 0.0 0.0 0.0 0.0 0.0 0.0 0.0 0.0 0.0 0.0 0.0 0.0 0.0 0.0 0.0 0.0 0.0 0.0 0.0 0.0 0.0 0.0
	nll_loss 2.408195972442627 1.8674888610839844 1.4284229278564453 1.4253695011138916 1.6865322589874268 2.1064789295196533 2.268659830093384 2.674532413482666 2.7355666160583496 2.728553533554077 2.826369524002075 2.786607503890991 2.693727970123291 2.826537847518921 2.8355820178985596 2.912524461746216 2.937154769897461 3.0239601135253906 3.0547947883605957 3.0945141315460205 3.11899471282959 3.1481430530548096 3.1841366291046143 3.2165322303771973 3.244741439819336 3.2704901695251465 3.297271728515625 3.3239970207214355 3.3454649448394775 3.370321750640869 3.393186569213867 3.415924310684204 3.4378442764282227 3.4550070762634277 3.473327159881592 3.488948106765747 3.5088491439819336 3.5267584323883057 3.5445597171783447 3.5616295337677 3.574780225753784 3.589129686355591 3.6061861515045166 3.62127685546875 3.634822368621826 3.6481943130493164 3.6642837524414062 3.677222490310669 3.6929171085357666 3.7050600051879883 3.719703197479248 3.7353355884552 3.7484495639801025 3.763392210006714 3.776092052459717 3.7823688983917236 3.7847301959991455 3.7983126640319824 3.8119492530822754 3.8374342918395996 3.848644971847534 3.8518497943878174 3.873687267303467 3.8884825706481934 3.8885228633880615 3.902019500732422 3.9252419471740723 3.938673973083496 3.951730728149414 2.9235756397247314 3.2558400630950928 3.4796788692474365 3.5742013454437256 3.6292359828948975
../machine-tasks/test_output_lookup_eos/lookup-3bit/samples/sample1/longer_compositions_new.tsv
	acc 0.25625 0.34375 0.425 0.43125 0.39375 0.4125 0.4125 0.3875 0.41875 0.4125 0.38125 0.40625 0.38125 0.40625 0.4 0.40625 0.4125 0.40625 0.40625 0.4125 0.4125 0.425 0.425 0.425 0.425 0.425 0.4375 0.45 0.45625 0.45 0.45 0.45 0.45 0.45625 0.45625 0.45625 0.45625 0.45625 0.45625 0.45625 0.4625 0.4625 0.4625 0.4625 0.4625 0.4625 0.4625 0.4625 0.4625 0.4625 0.4625 0.45625 0.4625 0.45625 0.45625 0.45625 0.45625 0.45625 0.45625 0.45625 0.45625 0.45625 0.4625 0.45625 0.4625 0.46875 0.4625 0.4625 0.45625 0.46875 0.48125 0.475 0.46875 0.46875
	seq_acc 0.0 0.0 0.0 0.0 0.0 0.0 0.0 0.0 0.0 0.0 0.0 0.0 0.0 0.0 0.0 0.0 0.0 0.0 0.0 0.0 0.0 0.0 0.0 0.0 0.0 0.0 0.0 0.0 0.0 0.0 0.0 0.0 0.0 0.0 0.0 0.0 0.0 0.0 0.0 0.0 0.0 0.0 0.0 0.0 0.0 0.0 0.0 0.0 0.0 0.0 0.0 0.0 0.0 0.0 0.0 0.0 0.0 0.0 0.0 0.0 0.0 0.0 0.0 0.0 0.0 0.0 0.0 0.0 0.0 0.0 0.0 0.0 0.0 0.0
	target_acc 0.0 0.0 0.0 0.0 0.0 0.0 0.0 0.0 0.0 0.0 0.0 0.0 0.0 0.0 0.0 0.0 0.0 0.0 0.0 0.0 0.0 0.0 0.0 0.0 0.0 0.0 0.0 0.0 0.0 0.0 0.0 0.0 0.0 0.0 0.0 0.0 0.0 0.0 0.0 0.0 0.0 0.0 0.0 0.0 0.0 0.0 0.0 0.0 0.0 0.0 0.0 0.0 0.0 0.0 0.0 0.0 0.0 0.0 0.0 0.0 0.0 0.0 0.0 0.0 0.0 0.0 0.0 0.0 0.0 0.0 0.0 0.0 0.0 0.0
	nll_loss 2.5818403244018553 2.432574462890625 2.378975486755371 2.514497184753418 2.6679050445556642 3.008698844909668 3.049792671203613 3.7225536346435546 4.028602600097656 4.2962078094482425 4.335138320922852 4.375031661987305 4.02142448425293 4.3002067565917965 4.348097229003907 4.568734359741211 4.67345962524414 4.797370529174804 4.89460334777832 4.984947586059571 5.100630187988282 5.1457164764404295 5.211206436157227 5.281150436401367 5.342657852172851 5.399071121215821 5.47999267578125 5.538859176635742 5.5824626922607425 5.623704147338867 5.661813735961914 5.704754257202149 5.741497039794922 5.774720764160156 5.809803009033203 5.842889404296875 5.871983337402344 5.909944152832031 5.941168975830078 5.97784194946289 6.005930328369141 6.04240608215332 6.0819744110107425 6.117371368408203 6.151446533203125 6.186138916015625 6.220309066772461 6.235319519042969 6.267131042480469 6.300169372558594 6.327610015869141 6.36176643371582 6.3787376403808596 6.4091636657714846 6.441927337646485 6.453627014160157 6.470937347412109 6.517711639404297 6.525045013427734 6.5465240478515625 6.5661170959472654 6.604460906982422 6.620066070556641 6.6589805603027346 6.689496612548828 6.716104888916016 6.740322113037109 6.743007659912109 6.767765808105469 5.064547348022461 5.643100357055664 6.054106903076172 6.252106094360352 6.39945068359375
../machine-tasks/test_output_lookup_eos/lookup-3bit/samples/sample1/longer_compositions_incremental.tsv
	acc 0.2940959409594096 0.38468634686346864 0.45295202952029523 0.48579335793357936 0.5086715867158672 0.5215867158671587 0.5376383763837639 0.5560885608856089 0.5603321033210332 0.579520295202952 0.579520295202952 0.583579335793358 0.5809963099630996 0.592619926199262 0.5935424354243543 0.5959409594095941 0.5977859778597786 0.6012915129151292 0.6014760147601476 0.6022140221402214 0.6018450184501845 0.6033210332103321 0.603690036900369 0.6023985239852399 0.6047970479704797 0.6038745387453874 0.6044280442804428 0.6046125461254612 0.605350553505535 0.6059040590405904 0.6057195571955719 0.6066420664206642 0.6070110701107011 0.6071955719557196 0.6075645756457565 0.6081180811808118 0.6088560885608856 0.6088560885608856 0.6095940959409594 0.609409594095941 0.6097785977859779 0.6099630996309963 0.6103321033210332 0.6092250922509225 0.6099630996309963 0.6099630996309963 0.6101476014760148 0.6095940959409594 0.6107011070110702 0.6112546125461255 0.6121771217712177 0.6121771217712177 0.6132841328413284 0.6129151291512915 0.612730627306273 0.6140221402214022 0.6140221402214022 0.614760147601476 0.6145756457564575 0.6143911439114391 0.6143911439114391 0.6145756457564575 0.6145756457564575 0.6145756457564575 0.6143911439114391 0.6153136531365314 0.6151291512915129 0.6154981549815498 0.6154981549815498 0.5702952029520295 0.6 0.5976014760147601 0.5983394833948339 0.5981549815498155
	seq_acc 0.0009225092250922509 0.0 0.0 0.0027675276752767526 0.0 0.0 0.0018450184501845018 0.0009225092250922509 0.0 0.0009225092250922509 0.0009225092250922509 0.0018450184501845018 0.006457564575645757 0.006457564575645757 0.008302583025830259 0.0036900369003690036 0.00922509225092251 0.00922509225092251 0.00922509225092251 0.00922509225092251 0.008302583025830259 0.00922509225092251 0.01014760147601476 0.01014760147601476 0.01014760147601476 0.00922509225092251 0.00922509225092251 0.00922509225092251 0.00922509225092251 0.00922509225092251 0.00922509225092251 0.00922509225092251 0.00922509225092251 0.00922509225092251 0.00922509225092251 0.00922509225092251 0.01014760147601476 0.01014760147601476 0.01014760147601476 0.00922509225092251 0.00922509225092251 0.00922509225092251 0.00922509225092251 0.00922509225092251 0.00922509225092251 0.008302583025830259 0.007380073800738007 0.007380073800738007 0.008302583025830259 0.008302583025830259 0.007380073800738007 0.007380073800738007 0.008302583025830259 0.008302583025830259 0.007380073800738007 0.007380073800738007 0.007380073800738007 0.007380073800738007 0.007380073800738007 0.007380073800738007 0.007380073800738007 0.007380073800738007 0.007380073800738007 0.007380073800738007 0.007380073800738007 0.007380073800738007 0.007380073800738007 0.008302583025830259 0.007380073800738007 0.0027675276752767526 0.008302583025830259 0.005535055350553505 0.004612546125461255 0.0036900369003690036
	target_acc 0.10055350553505535 0.004612546125461255 0.0 0.0027675276752767526 0.0 0.0 0.0027675276752767526 0.0027675276752767526 0.0 0.0018450184501845018 0.005535055350553505 0.0018450184501845018 0.007380073800738007 0.007380073800738007 0.008302583025830259 0.004612546125461255 0.01014760147601476 0.01014760147601476 0.01014760147601476 0.01107011070110701 0.00922509225092251 0.01107011070110701 0.011992619926199263 0.011992619926199263 0.012915129151291513 0.01014760147601476 0.01107011070110701 0.01107011070110701 0.01107011070110701 0.01107011070110701 0.01107011070110701 0.01107011070110701 0.01107011070110701 0.01014760147601476 0.01014760147601476 0.01014760147601476 0.01014760147601476 0.01014760147601476 0.01107011070110701 0.01014760147601476 0.00922509225092251 0.00922509225092251 0.00922509225092251 0.00922509225092251 0.00922509225092251 0.008302583025830259 0.007380073800738007 0.008302583025830259 0.008302583025830259 0.00922509225092251 0.008302583025830259 0.008302583025830259 0.008302583025830259 0.00922509225092251 0.007380073800738007 0.007380073800738007 0.007380073800738007 0.008302583025830259 0.008302583025830259 0.008302583025830259 0.007380073800738007 0.007380073800738007 0.007380073800738007 0.007380073800738007 0.007380073800738007 0.008302583025830259 0.007380073800738007 0.00922509225092251 0.008302583025830259 0.0036900369003690036 0.00922509225092251 0.006457564575645757 0.005535055350553505 0.004612546125461255
	nll_loss 1.7336259841918946 1.8401636123657226 1.9184297561645507 1.9775196075439454 2.1198392868041993 2.269307518005371 2.155666542053223 2.2734247207641602 2.4504573822021483 2.4150094985961914 2.4654733657836916 2.579804229736328 2.5423521041870116 2.653117370605469 2.687249183654785 2.841730308532715 2.850559425354004 2.9132358551025392 2.95784854888916 3.000540542602539 3.0579757690429688 3.092404365539551 3.1326715469360353 3.171029472351074 3.207837677001953 3.2445728302001955 3.2846336364746094 3.319283676147461 3.349900817871094 3.3807376861572265 3.4116756439208986 3.443104553222656 3.471465301513672 3.497416305541992 3.5257442474365233 3.554644775390625 3.581333541870117 3.605796051025391 3.6307769775390626 3.6587223052978515 3.681521987915039 3.706812286376953 3.7332813262939455 3.757415008544922 3.7803810119628904 3.803780746459961 3.829670715332031 3.8433963775634767 3.870225524902344 3.8895877838134765 3.911634063720703 3.934683609008789 3.9497913360595702 3.974697494506836 3.9988735198974608 4.011037063598633 4.031760787963867 4.058712387084961 4.073667526245117 4.092682266235352 4.104530334472656 4.135823822021484 4.148185348510742 4.170431137084961 4.196292114257813 4.208545303344726 4.231468582153321 4.241714096069336 4.269195938110352 2.8956298828125 3.059608268737793 3.2724899291992187 3.3725074768066405 3.4466388702392576
../machine-tasks/test_output_lookup_eos/lookup-3bit/samples/sample1/longer_compositions_seen.tsv
	acc 0.29669117647058824 0.40661764705882353 0.4797794117647059 0.5150735294117647 0.5503676470588236 0.58125 0.5926470588235294 0.6183823529411765 0.6308823529411764 0.6577205882352941 0.6602941176470588 0.6713235294117647 0.66875 0.6838235294117647 0.6871323529411765 0.6871323529411765 0.6908088235294118 0.6915441176470588 0.6930147058823529 0.6955882352941176 0.694485294117647 0.6959558823529411 0.6952205882352941 0.694485294117647 0.6977941176470588 0.6970588235294117 0.6974264705882353 0.6963235294117647 0.6977941176470588 0.6988970588235294 0.6985294117647058 0.7 0.6996323529411764 0.6985294117647058 0.6992647058823529 0.6992647058823529 0.6996323529411764 0.6985294117647058 0.6996323529411764 0.7011029411764705 0.7011029411764705 0.700735294117647 0.700735294117647 0.6992647058823529 0.700735294117647 0.6996323529411764 0.7003676470588235 0.7003676470588235 0.7003676470588235 0.6988970588235294 0.7 0.6992647058823529 0.6996323529411764 0.6985294117647058 0.6992647058823529 0.7003676470588235 0.7003676470588235 0.7003676470588235 0.7011029411764705 0.7003676470588235 0.7011029411764705 0.7011029411764705 0.7011029411764705 0.700735294117647 0.7003676470588235 0.7011029411764705 0.7 0.7011029411764705 0.7014705882352941 0.6378676470588235 0.6886029411764706 0.6886029411764706 0.6878676470588235 0.6897058823529412
	seq_acc 0.003676470588235294 0.0 0.0 0.003676470588235294 0.0 0.0 0.003676470588235294 0.0 0.001838235294117647 0.0055147058823529415 0.001838235294117647 0.0 0.014705882352941176 0.011029411764705883 0.012867647058823529 0.007352941176470588 0.012867647058823529 0.012867647058823529 0.014705882352941176 0.016544117647058824 0.012867647058823529 0.016544117647058824 0.016544117647058824 0.016544117647058824 0.016544117647058824 0.016544117647058824 0.01838235294117647 0.02022058823529412 0.02022058823529412 0.02022058823529412 0.02022058823529412 0.02022058823529412 0.02022058823529412 0.02022058823529412 0.02022058823529412 0.02022058823529412 0.022058823529411766 0.022058823529411766 0.022058823529411766 0.022058823529411766 0.022058823529411766 0.022058823529411766 0.02022058823529412 0.02022058823529412 0.022058823529411766 0.016544117647058824 0.016544117647058824 0.01838235294117647 0.016544117647058824 0.014705882352941176 0.016544117647058824 0.012867647058823529 0.01838235294117647 0.012867647058823529 0.012867647058823529 0.014705882352941176 0.014705882352941176 0.011029411764705883 0.014705882352941176 0.014705882352941176 0.014705882352941176 0.012867647058823529 0.014705882352941176 0.014705882352941176 0.012867647058823529 0.014705882352941176 0.011029411764705883 0.014705882352941176 0.012867647058823529 0.003676470588235294 0.016544117647058824 0.009191176470588236 0.009191176470588236 0.009191176470588236
	target_acc 0.11213235294117647 0.01838235294117647 0.0 0.0055147058823529415 0.0 0.0 0.003676470588235294 0.007352941176470588 0.003676470588235294 0.007352941176470588 0.003676470588235294 0.001838235294117647 0.02022058823529412 0.016544117647058824 0.014705882352941176 0.011029411764705883 0.014705882352941176 0.016544117647058824 0.01838235294117647 0.02022058823529412 0.016544117647058824 0.02022058823529412 0.02022058823529412 0.02022058823529412 0.022058823529411766 0.02022058823529412 0.022058823529411766 0.02389705882352941 0.02389705882352941 0.02389705882352941 0.02389705882352941 0.02389705882352941 0.02389705882352941 0.022058823529411766 0.022058823529411766 0.022058823529411766 0.022058823529411766 0.022058823529411766 0.02389705882352941 0.02389705882352941 0.022058823529411766 0.022058823529411766 0.02022058823529412 0.02022058823529412 0.022058823529411766 0.016544117647058824 0.016544117647058824 0.01838235294117647 0.016544117647058824 0.014705882352941176 0.016544117647058824 0.012867647058823529 0.01838235294117647 0.012867647058823529 0.012867647058823529 0.014705882352941176 0.014705882352941176 0.011029411764705883 0.014705882352941176 0.014705882352941176 0.014705882352941176 0.012867647058823529 0.014705882352941176 0.014705882352941176 0.012867647058823529 0.014705882352941176 0.011029411764705883 0.014705882352941176 0.012867647058823529 0.003676470588235294 0.016544117647058824 0.009191176470588236 0.009191176470588236 0.009191176470588236
	nll_loss 1.724820899963379 1.6655736923217774 1.7532882690429688 1.7935348510742188 1.9120508193969727 1.9996129989624023 1.8072072982788085 1.8357805252075194 1.9956697463989257 1.896752166748047 1.9081369400024415 1.9803064346313477 1.9093120574951172 2.001993751525879 2.0194316864013673 2.160635757446289 2.1407773971557615 2.1878150939941405 2.211041259765625 2.2380258560180666 2.289288139343262 2.3113779067993163 2.33795166015625 2.360823631286621 2.3874448776245116 2.4169200897216796 2.4526639938354493 2.478852653503418 2.5007440567016603 2.5239837646484373 2.5523202896118162 2.5743730545043944 2.5951841354370115 2.6147674560546874 2.638674736022949 2.6625932693481444 2.684516716003418 2.7007030487060546 2.7187618255615233 2.741794967651367 2.7602230072021485 2.779885673522949 2.7998641967773437 2.822696876525879 2.838091278076172 2.8570188522338866 2.8770891189575196 2.885128402709961 2.910036087036133 2.9239593505859376 2.9397418975830076 2.9588178634643554 2.967587471008301 2.990795135498047 3.0117597579956055 3.0176717758178713 3.034721565246582 3.059300994873047 3.069146156311035 3.0829328536987304 3.0894346237182617 3.1180789947509764 3.1288949966430666 3.1481943130493164 3.170466423034668 3.1773971557617187 3.1981019973754883 3.203569030761719 3.21712646484375 2.1638736724853516 2.090065765380859 2.2497711181640625 2.325397491455078 2.3716392517089844
