steps 200 300 400 500 600 700 800 900 1000 1100 1200 1300 1400 1500 1600 1700 1800 1900 2000 2100 2200 2300 2400 2500 2600 2700 2800 2900 3000 3100 3200 3300 3400 3500 3600 3700 3800 3900 4000 4100 4200 4300 4400 4500 4600 4700 4800 4900 5000 5100 5200 5300 5400 5500 5600 5700 5800 5900 6000 6100 6200 6300 6400 6500 6600 6700 6800 6900 7000 7100 7200 7300 7400 7500
Train
	acc 0.7737341772151899 0.9683544303797469 1.0 1.0 1.0 1.0 1.0 1.0 1.0 1.0 1.0 1.0 1.0 1.0 1.0 1.0 1.0 1.0 1.0 1.0 1.0 1.0 1.0 1.0 1.0 1.0 1.0 1.0 1.0 1.0 1.0 1.0 1.0 1.0 1.0 1.0 1.0 1.0 1.0 1.0 1.0 1.0 1.0 1.0 1.0 1.0 1.0 1.0 1.0 1.0 1.0 1.0 1.0 1.0 1.0 1.0 1.0 1.0 1.0 1.0 1.0 1.0 1.0 1.0 1.0 1.0 1.0 1.0 1.0 1.0 1.0 1.0 1.0 1.0
	seq_acc 0.43103448275862066 0.9137931034482759 1.0 1.0 1.0 1.0 1.0 1.0 1.0 1.0 1.0 1.0 1.0 1.0 1.0 1.0 1.0 1.0 1.0 1.0 1.0 1.0 1.0 1.0 1.0 1.0 1.0 1.0 1.0 1.0 1.0 1.0 1.0 1.0 1.0 1.0 1.0 1.0 1.0 1.0 1.0 1.0 1.0 1.0 1.0 1.0 1.0 1.0 1.0 1.0 1.0 1.0 1.0 1.0 1.0 1.0 1.0 1.0 1.0 1.0 1.0 1.0 1.0 1.0 1.0 1.0 1.0 1.0 1.0 1.0 1.0 1.0 1.0 1.0
	target_acc 0.46120689655172414 0.9181034482758621 1.0 1.0 1.0 1.0 1.0 1.0 1.0 1.0 1.0 1.0 1.0 1.0 1.0 1.0 1.0 1.0 1.0 1.0 1.0 1.0 1.0 1.0 1.0 1.0 1.0 1.0 1.0 1.0 1.0 1.0 1.0 1.0 1.0 1.0 1.0 1.0 1.0 1.0 1.0 1.0 1.0 1.0 1.0 1.0 1.0 1.0 1.0 1.0 1.0 1.0 1.0 1.0 1.0 1.0 1.0 1.0 1.0 1.0 1.0 1.0 1.0 1.0 1.0 1.0 1.0 1.0 1.0 1.0 1.0 1.0 1.0 1.0
	nll_loss 0.8394992351531982 0.23596930503845215 0.05955886344114939 0.027552475531895954 0.016338611642519634 0.011020343750715256 0.007999511435627937 0.006127525741855304 0.004853438585996628 0.0040303875381747884 0.010078832507133484 0.005522566537062327 0.003988870109121005 0.0031178699185450873 0.005768032123645146 0.003287175049384435 0.002996038645505905 0.002089677999416987 0.001737792044878006 0.0014822318529089291 0.0012830342166125774 0.0011226222074280183 0.0009885714389383793 0.0008825499098747969 0.0007926396404703459 0.0007198862731456757 0.0006643207743763924 0.0006031839875504375 0.0005432242372383674 0.0004948347341269255 0.0004512111966808637 0.00041768870626886684 0.0003864948715393742 0.00035740745564301807 0.0003351750395571192 0.00030877755489200354 0.0002881857023263971 0.00026861135847866535 0.00025194107244412106 0.00023578142281621695 0.00022081673766175905 0.00020765462735046944 0.00019342615269124508 0.00018190910729269186 0.00017044770841797194 0.00016067844505111376 0.0001513886769923071 0.00014231902120324472 0.00013419782044366002 0.00012645259266719222 0.00011887478952606519 0.00011238723527640104 0.00010603438325536747 9.973729417348902e-05 9.446116746403277e-05 8.946356441204746e-05 8.403356575096647e-05 7.969527117287119e-05 7.529440335929394e-05 7.103098323568702e-05 6.713939850063373e-05 6.357434904202819e-05 6.046068544189135e-05 5.708896787837148e-05 5.3898654490088425e-05 5.101867524596552e-05 4.847000430648526e-05 4.5766045028964676e-05 4.3387781867446996e-05 4.1105454632391535e-05 3.914657766775539e-05 3.691840781054149e-05 3.501390165183693e-05 3.327444331565251e-05
../machine-tasks/test_output_lookup_eos/lookup-3bit/samples/sample1/validation.tsv
	acc 0.5625 0.875 0.9166666666666666 0.9375 0.9583333333333334 0.9791666666666666 0.9791666666666666 0.9791666666666666 0.9791666666666666 0.9791666666666666 0.9583333333333334 0.9791666666666666 0.9791666666666666 0.9791666666666666 0.9791666666666666 0.9791666666666666 0.9791666666666666 0.9791666666666666 0.9791666666666666 0.9791666666666666 0.9791666666666666 0.9791666666666666 0.9791666666666666 0.9791666666666666 0.9791666666666666 0.9791666666666666 0.9791666666666666 0.9791666666666666 0.9791666666666666 0.9791666666666666 0.9791666666666666 0.9791666666666666 0.9791666666666666 0.9791666666666666 0.9791666666666666 0.9791666666666666 0.9791666666666666 0.9791666666666666 0.9791666666666666 0.9791666666666666 0.9791666666666666 0.9791666666666666 0.9791666666666666 0.9791666666666666 0.9791666666666666 0.9791666666666666 0.9791666666666666 0.9791666666666666 0.9791666666666666 0.9791666666666666 0.9791666666666666 0.9791666666666666 0.9791666666666666 0.9791666666666666 0.9791666666666666 0.9791666666666666 0.9791666666666666 0.9791666666666666 0.9791666666666666 0.9791666666666666 0.9791666666666666 0.9791666666666666 0.9791666666666666 0.9791666666666666 0.9791666666666666 0.9791666666666666 0.9791666666666666 0.9791666666666666 0.9791666666666666 1.0 1.0 1.0 1.0 1.0
	seq_acc 0.0625 0.625 0.75 0.8125 0.875 0.9375 0.9375 0.9375 0.9375 0.9375 0.875 0.9375 0.9375 0.9375 0.9375 0.9375 0.9375 0.9375 0.9375 0.9375 0.9375 0.9375 0.9375 0.9375 0.9375 0.9375 0.9375 0.9375 0.9375 0.9375 0.9375 0.9375 0.9375 0.9375 0.9375 0.9375 0.9375 0.9375 0.9375 0.9375 0.9375 0.9375 0.9375 0.9375 0.9375 0.9375 0.9375 0.9375 0.9375 0.9375 0.9375 0.9375 0.9375 0.9375 0.9375 0.9375 0.9375 0.9375 0.9375 0.9375 0.9375 0.9375 0.9375 0.9375 0.9375 0.9375 0.9375 0.9375 0.9375 1.0 1.0 1.0 1.0 1.0
	target_acc 0.0625 0.625 0.75 0.8125 0.875 0.9375 0.9375 0.9375 0.9375 0.9375 0.875 0.9375 0.9375 0.9375 0.9375 0.9375 0.9375 0.9375 0.9375 0.9375 0.9375 0.9375 0.9375 0.9375 0.9375 0.9375 0.9375 0.9375 0.9375 0.9375 0.9375 0.9375 0.9375 0.9375 0.9375 0.9375 0.9375 0.9375 0.9375 0.9375 0.9375 0.9375 0.9375 0.9375 0.9375 0.9375 0.9375 0.9375 0.9375 0.9375 0.9375 0.9375 0.9375 0.9375 0.9375 0.9375 0.9375 0.9375 0.9375 0.9375 0.9375 0.9375 0.9375 0.9375 0.9375 0.9375 0.9375 0.9375 0.9375 1.0 1.0 1.0 1.0 1.0
	nll_loss 1.2105395793914795 0.5569015343983968 0.2702616850535075 0.20457200209299722 0.17054355144500732 0.14781388640403748 0.1271942357222239 0.11399337649345398 0.10399018724759419 0.09553168217341106 0.1839171846707662 0.14537649353345236 0.1293023725350698 0.12850061058998108 0.11826744675636292 0.10437631607055664 0.09894693891207378 0.08771870533625285 0.07968621452649434 0.07341599464416504 0.0684606780608495 0.06376022100448608 0.05971375107765198 0.056214297811190285 0.053202882409095764 0.05050991972287496 0.05345636606216431 0.05165847639242808 0.04961605370044708 0.04814848303794861 0.0478849063316981 0.045977855722109474 0.04584691425164541 0.044818371534347534 0.04334090153376261 0.04285735388596853 0.041455638905366264 0.041143996020158134 0.04034013797839483 0.039635819693406425 0.039478433628877006 0.03833926965792974 0.03805079062779745 0.037088376780351005 0.03675772498051325 0.03620638449986776 0.03539825230836868 0.035068812469641365 0.03444543480873108 0.033832224706808724 0.03287877390782038 0.032481143871943154 0.031892100969950356 0.031395996610323586 0.03123026341199875 0.03067746510108312 0.030281342566013336 0.02978060891230901 0.02875974029302597 0.02868642657995224 0.02791343629360199 0.02916835993528366 0.026790949205557506 0.02652736008167267 0.025642983615398407 0.02722593645254771 0.025130706528822582 0.024511004487673443 0.02390291045109431 0.023509177068869274 0.022852381070454914 0.02233576774597168 0.024219078322251637 0.021288918952147167
../machine-tasks/test_output_lookup_eos/lookup-3bit/samples/sample1/heldout_compositions.tsv
	acc 0.6666666666666666 0.90625 0.96875 0.984375 0.984375 0.984375 0.984375 0.984375 0.984375 0.9895833333333334 0.984375 0.9895833333333334 0.984375 0.9947916666666666 0.9895833333333334 0.9895833333333334 0.9895833333333334 0.9895833333333334 0.9895833333333334 0.9895833333333334 0.9895833333333334 0.9895833333333334 0.9895833333333334 0.9895833333333334 0.9947916666666666 0.9947916666666666 0.9947916666666666 1.0 1.0 1.0 1.0 1.0 1.0 1.0 1.0 1.0 1.0 1.0 1.0 1.0 1.0 1.0 1.0 1.0 1.0 1.0 1.0 1.0 1.0 1.0 1.0 1.0 1.0 1.0 1.0 1.0 1.0 1.0 1.0 1.0 1.0 1.0 1.0 1.0 1.0 1.0 1.0 1.0 1.0 1.0 1.0 1.0 1.0 1.0
	seq_acc 0.1875 0.71875 0.90625 0.953125 0.953125 0.953125 0.953125 0.953125 0.953125 0.96875 0.953125 0.96875 0.953125 0.984375 0.96875 0.96875 0.96875 0.96875 0.96875 0.96875 0.96875 0.96875 0.96875 0.96875 0.984375 0.984375 0.984375 1.0 1.0 1.0 1.0 1.0 1.0 1.0 1.0 1.0 1.0 1.0 1.0 1.0 1.0 1.0 1.0 1.0 1.0 1.0 1.0 1.0 1.0 1.0 1.0 1.0 1.0 1.0 1.0 1.0 1.0 1.0 1.0 1.0 1.0 1.0 1.0 1.0 1.0 1.0 1.0 1.0 1.0 1.0 1.0 1.0 1.0 1.0
	target_acc 0.21875 0.71875 0.90625 0.953125 0.953125 0.953125 0.953125 0.953125 0.953125 0.96875 0.953125 0.96875 0.953125 0.984375 0.96875 0.96875 0.96875 0.96875 0.96875 0.96875 0.96875 0.96875 0.96875 0.96875 0.984375 0.984375 0.984375 1.0 1.0 1.0 1.0 1.0 1.0 1.0 1.0 1.0 1.0 1.0 1.0 1.0 1.0 1.0 1.0 1.0 1.0 1.0 1.0 1.0 1.0 1.0 1.0 1.0 1.0 1.0 1.0 1.0 1.0 1.0 1.0 1.0 1.0 1.0 1.0 1.0 1.0 1.0 1.0 1.0 1.0 1.0 1.0 1.0 1.0 1.0
	nll_loss 1.0397860209147136 0.3745168447494507 0.16305960218111673 0.10792377591133118 0.08231278260548909 0.06803715725739796 0.05748370289802551 0.05038126309712728 0.04467116792996725 0.04282542069753011 0.07738257944583893 0.054170494278271995 0.07691817979017894 0.03919791181882223 0.060802424947420754 0.043745423356691994 0.042405967911084495 0.03464023768901825 0.030772787829240162 0.02799396961927414 0.02559988449017207 0.023775644600391388 0.02206803858280182 0.02062741791208585 0.01925753305355708 0.018020478387673695 0.01685997595389684 0.015802446752786636 0.015020991365114847 0.014248903840780258 0.013501616815725962 0.012834192564090094 0.012255319704612097 0.011711088319619497 0.011164130022128424 0.010688717166582743 0.010204929237564405 0.009770107765992483 0.009371777375539144 0.00900000457962354 0.008618362247943878 0.008290156722068787 0.00799508641163508 0.007685583705703418 0.007384014626344045 0.007113023350636165 0.006862472742795944 0.00661843828856945 0.006377827376127243 0.006146712228655815 0.0059181563556194305 0.005720769986510277 0.005524146060148875 0.005315970629453659 0.005142124990622203 0.004978162857393424 0.004795450096329053 0.004633937341471513 0.004464428561429183 0.00432819655785958 0.004174032869438331 0.004050317220389843 0.00390880461782217 0.003769724629819393 0.003656839020550251 0.0035443181792894998 0.0034272847697138786 0.0033292959754665694 0.0032097818329930305 0.0031061877186099687 0.003018761364122232 0.0029254589850703874 0.0028379857540130615 0.002746663677195708
../machine-tasks/test_output_lookup_eos/lookup-3bit/samples/sample1/heldout_inputs.tsv
	acc 0.6416666666666667 0.8916666666666667 0.975 0.9833333333333333 0.9833333333333333 0.9833333333333333 0.9833333333333333 0.9916666666666667 1.0 1.0 0.9666666666666667 0.975 0.9916666666666667 0.9916666666666667 0.9833333333333333 1.0 1.0 1.0 1.0 1.0 1.0 1.0 1.0 1.0 1.0 1.0 1.0 1.0 1.0 1.0 1.0 1.0 1.0 1.0 1.0 1.0 1.0 1.0 1.0 1.0 1.0 1.0 1.0 1.0 1.0 1.0 1.0 1.0 1.0 1.0 1.0 1.0 1.0 1.0 1.0 1.0 1.0 1.0 1.0 1.0 1.0 1.0 1.0 1.0 1.0 1.0 1.0 1.0 1.0 1.0 1.0 1.0 1.0 1.0
	seq_acc 0.15 0.675 0.925 0.95 0.95 0.95 0.95 0.975 1.0 1.0 0.925 0.925 0.975 0.975 0.95 1.0 1.0 1.0 1.0 1.0 1.0 1.0 1.0 1.0 1.0 1.0 1.0 1.0 1.0 1.0 1.0 1.0 1.0 1.0 1.0 1.0 1.0 1.0 1.0 1.0 1.0 1.0 1.0 1.0 1.0 1.0 1.0 1.0 1.0 1.0 1.0 1.0 1.0 1.0 1.0 1.0 1.0 1.0 1.0 1.0 1.0 1.0 1.0 1.0 1.0 1.0 1.0 1.0 1.0 1.0 1.0 1.0 1.0 1.0
	target_acc 0.175 0.675 0.925 0.95 0.95 0.95 0.95 0.975 1.0 1.0 0.925 0.925 0.975 0.975 0.95 1.0 1.0 1.0 1.0 1.0 1.0 1.0 1.0 1.0 1.0 1.0 1.0 1.0 1.0 1.0 1.0 1.0 1.0 1.0 1.0 1.0 1.0 1.0 1.0 1.0 1.0 1.0 1.0 1.0 1.0 1.0 1.0 1.0 1.0 1.0 1.0 1.0 1.0 1.0 1.0 1.0 1.0 1.0 1.0 1.0 1.0 1.0 1.0 1.0 1.0 1.0 1.0 1.0 1.0 1.0 1.0 1.0 1.0 1.0
	nll_loss 0.9748541514078776 0.34047404925028485 0.14795827865600586 0.09450677037239075 0.07032756010691325 0.05616560081640879 0.04669408996899923 0.04065443575382233 0.035037087897459664 0.03072002778450648 0.17515015602111816 0.14910236994425455 0.0332769900560379 0.028683436413606007 0.04458847145239512 0.028594590723514557 0.02100285142660141 0.01707415034373601 0.014871173848708471 0.013145823031663895 0.011829625815153122 0.010674669096867243 0.009846901521086693 0.009155436729391416 0.008474518855412802 0.008173076435923576 0.007865551859140396 0.007319288328289986 0.0068148840218782425 0.00639155941704909 0.005999358991781871 0.005655040964484215 0.0053399596363306046 0.005078240918616454 0.004799970425665379 0.004548793037732442 0.0043240006392200785 0.004172285708288352 0.003928225797911485 0.0037160972133278847 0.0035498766228556633 0.0033893706277012825 0.0032346524919072786 0.0030641943837205568 0.002918850009640058 0.0028027407824993134 0.00267727579921484 0.002554522672047218 0.002442286815494299 0.0023426050320267677 0.0022476913097004094 0.0021524475887417793 0.0020793392322957516 0.0019927158330877623 0.0019060694612562656 0.001826820895075798 0.001765657216310501 0.001682928918550412 0.0016153807130952675 0.0015571845384935539 0.0014976637127498786 0.0014323291058341663 0.0013854384111861389 0.0013322293137510617 0.0012853736989200115 0.0012217039863268535 0.0011852030487110217 0.001151437871158123 0.0011085451114922762 0.0010678990899274747 0.0010293148613224428 0.0009942638377348583 0.0009586947659651438 0.0009130847950776418
../machine-tasks/test_output_lookup_eos/lookup-3bit/samples/sample1/heldout_tables.tsv
	acc 0.5225694444444444 0.7100694444444444 0.8940972222222222 0.9288194444444444 0.9548611111111112 0.9600694444444444 0.9670138888888888 0.9739583333333334 0.9826388888888888 0.9861111111111112 0.9479166666666666 0.9704861111111112 0.9809027777777778 0.9756944444444444 0.9791666666666666 0.9861111111111112 0.9895833333333334 0.9913194444444444 0.9895833333333334 0.9930555555555556 0.9930555555555556 0.9930555555555556 0.9947916666666666 0.9947916666666666 0.9965277777777778 0.9965277777777778 0.9947916666666666 0.9947916666666666 0.9965277777777778 0.9965277777777778 0.9930555555555556 0.9930555555555556 0.9965277777777778 0.9965277777777778 0.9965277777777778 0.9965277777777778 0.9965277777777778 0.9965277777777778 0.9965277777777778 0.9965277777777778 0.9965277777777778 0.9947916666666666 0.9965277777777778 0.9947916666666666 0.9947916666666666 0.9965277777777778 0.9947916666666666 0.9947916666666666 0.9965277777777778 0.9947916666666666 0.9965277777777778 0.9947916666666666 0.9965277777777778 0.9965277777777778 0.9965277777777778 0.9947916666666666 0.9947916666666666 0.9965277777777778 0.9982638888888888 0.9982638888888888 0.9982638888888888 0.9982638888888888 0.9982638888888888 0.9982638888888888 0.9982638888888888 0.9965277777777778 0.9982638888888888 0.9982638888888888 0.9982638888888888 0.9965277777777778 0.9982638888888888 0.9982638888888888 0.9982638888888888 0.9965277777777778
	seq_acc 0.036458333333333336 0.3125 0.6927083333333334 0.7864583333333334 0.8645833333333334 0.8802083333333334 0.90625 0.9270833333333334 0.9479166666666666 0.9583333333333334 0.84375 0.9114583333333334 0.9427083333333334 0.9270833333333334 0.9375 0.9583333333333334 0.96875 0.9739583333333334 0.96875 0.9791666666666666 0.9791666666666666 0.9791666666666666 0.984375 0.984375 0.9895833333333334 0.9895833333333334 0.984375 0.984375 0.9895833333333334 0.9895833333333334 0.9791666666666666 0.9791666666666666 0.9895833333333334 0.9895833333333334 0.9895833333333334 0.9895833333333334 0.9895833333333334 0.9895833333333334 0.9895833333333334 0.9895833333333334 0.9895833333333334 0.984375 0.9895833333333334 0.984375 0.984375 0.9895833333333334 0.984375 0.984375 0.9895833333333334 0.984375 0.9895833333333334 0.984375 0.9895833333333334 0.9895833333333334 0.9895833333333334 0.984375 0.984375 0.9895833333333334 0.9947916666666666 0.9947916666666666 0.9947916666666666 0.9947916666666666 0.9947916666666666 0.9947916666666666 0.9947916666666666 0.9895833333333334 0.9947916666666666 0.9947916666666666 0.9947916666666666 0.9895833333333334 0.9947916666666666 0.9947916666666666 0.9947916666666666 0.9895833333333334
	target_acc 0.08333333333333333 0.3177083333333333 0.6927083333333334 0.7864583333333334 0.8645833333333334 0.8802083333333334 0.90625 0.9270833333333334 0.9479166666666666 0.9583333333333334 0.84375 0.9114583333333334 0.9427083333333334 0.9270833333333334 0.9375 0.9583333333333334 0.96875 0.9739583333333334 0.96875 0.9791666666666666 0.9791666666666666 0.9791666666666666 0.984375 0.984375 0.9895833333333334 0.9895833333333334 0.984375 0.984375 0.9895833333333334 0.9895833333333334 0.9791666666666666 0.9791666666666666 0.9895833333333334 0.9895833333333334 0.9895833333333334 0.9895833333333334 0.9895833333333334 0.9895833333333334 0.9895833333333334 0.9895833333333334 0.9895833333333334 0.984375 0.9895833333333334 0.984375 0.984375 0.9895833333333334 0.984375 0.984375 0.9895833333333334 0.984375 0.9895833333333334 0.984375 0.9895833333333334 0.9895833333333334 0.9895833333333334 0.984375 0.984375 0.9895833333333334 0.9947916666666666 0.9947916666666666 0.9947916666666666 0.9947916666666666 0.9947916666666666 0.9947916666666666 0.9947916666666666 0.9895833333333334 0.9947916666666666 0.9947916666666666 0.9947916666666666 0.9895833333333334 0.9947916666666666 0.9947916666666666 0.9947916666666666 0.9895833333333334
	nll_loss 1.3258543014526367 0.8373049100240072 0.47703123092651367 0.29995912313461304 0.23844687143961588 0.19707308212916055 0.19886046648025513 0.18428665399551392 0.136962890625 0.12621630231539407 0.24191459019978842 0.19206148386001587 0.15270209312438965 0.18924911816914877 0.13564666112263998 0.10102332631746928 0.09246538082758586 0.0824518899122874 0.09130571285883586 0.06947151323159535 0.06576498349507649 0.06157429019610087 0.058505271871884666 0.055227816104888916 0.05219620962937673 0.04926756024360657 0.06391481061776479 0.04636159042517344 0.043301746249198914 0.04115776717662811 0.0788200596968333 0.07154337068398793 0.03696843236684799 0.03554115444421768 0.03352996210257212 0.03282983104387919 0.03195097794135412 0.030850663781166077 0.029534888764222462 0.028625900546709698 0.027132317423820496 0.04654856026172638 0.025932314495245617 0.03843047469854355 0.04496116439501444 0.023040741682052612 0.041368067264556885 0.03766966859499613 0.021657126645247143 0.04025569558143616 0.020508412271738052 0.03909776111443838 0.018818443020184834 0.018408872187137604 0.017961890747149784 0.0325435996055603 0.036392604311307274 0.03929560134808222 0.01643429199854533 0.016080334782600403 0.01524276410539945 0.015287412951389948 0.014468308538198471 0.01455350344379743 0.014239986737569174 0.03499332318703333 0.013158934811751047 0.013210125267505646 0.012900472929080328 0.036679076651732125 0.011972881853580475 0.01201639324426651 0.011519563694794973 0.032398708164691925
../machine-tasks/test_output_lookup_eos/lookup-3bit/samples/sample1/new_compositions.tsv
	acc 0.4479166666666667 0.6666666666666666 0.7916666666666666 0.8125 0.8229166666666666 0.8541666666666666 0.8541666666666666 0.8541666666666666 0.8958333333333334 0.875 0.8958333333333334 0.9270833333333334 0.9479166666666666 0.9479166666666666 0.9270833333333334 0.9479166666666666 0.9479166666666666 0.96875 0.96875 0.96875 0.9791666666666666 0.9791666666666666 0.96875 0.9791666666666666 0.9791666666666666 0.9791666666666666 0.9791666666666666 0.9791666666666666 0.9791666666666666 0.9791666666666666 0.9791666666666666 0.9791666666666666 0.9791666666666666 0.9895833333333334 0.9895833333333334 0.9895833333333334 0.9895833333333334 0.9895833333333334 0.9895833333333334 0.9895833333333334 0.9895833333333334 0.9895833333333334 0.9895833333333334 0.9895833333333334 0.9895833333333334 0.9895833333333334 0.9895833333333334 0.9895833333333334 0.9895833333333334 0.9895833333333334 0.9895833333333334 0.9895833333333334 0.9895833333333334 0.9895833333333334 0.9895833333333334 0.9895833333333334 0.9895833333333334 0.9895833333333334 0.9895833333333334 0.9895833333333334 0.9895833333333334 0.9895833333333334 0.9895833333333334 0.9895833333333334 0.9895833333333334 0.9895833333333334 0.9895833333333334 0.9895833333333334 1.0 0.9895833333333334 1.0 1.0 1.0 1.0
	seq_acc 0.0 0.21875 0.40625 0.4375 0.5 0.5625 0.5625 0.59375 0.6875 0.625 0.6875 0.78125 0.84375 0.84375 0.78125 0.84375 0.84375 0.90625 0.90625 0.90625 0.9375 0.9375 0.90625 0.9375 0.9375 0.9375 0.9375 0.9375 0.9375 0.9375 0.9375 0.9375 0.9375 0.96875 0.96875 0.96875 0.96875 0.96875 0.96875 0.96875 0.96875 0.96875 0.96875 0.96875 0.96875 0.96875 0.96875 0.96875 0.96875 0.96875 0.96875 0.96875 0.96875 0.96875 0.96875 0.96875 0.96875 0.96875 0.96875 0.96875 0.96875 0.96875 0.96875 0.96875 0.96875 0.96875 0.96875 0.96875 1.0 0.96875 1.0 1.0 1.0 1.0
	target_acc 0.25 0.34375 0.40625 0.4375 0.5 0.5625 0.5625 0.59375 0.6875 0.625 0.6875 0.78125 0.84375 0.84375 0.78125 0.84375 0.84375 0.90625 0.90625 0.90625 0.9375 0.9375 0.90625 0.9375 0.9375 0.9375 0.9375 0.9375 0.9375 0.9375 0.9375 0.9375 0.9375 0.96875 0.96875 0.96875 0.96875 0.96875 0.96875 0.96875 0.96875 0.96875 0.96875 0.96875 0.96875 0.96875 0.96875 0.96875 0.96875 0.96875 0.96875 0.96875 0.96875 0.96875 0.96875 0.96875 0.96875 0.96875 0.96875 0.96875 0.96875 0.96875 0.96875 0.96875 0.96875 0.96875 0.96875 0.96875 1.0 0.96875 1.0 1.0 1.0 1.0
	nll_loss 1.4543647766113281 1.0248539447784424 0.7300037542978922 0.5327316919962565 0.5277660687764486 0.4037284851074219 0.40980346997578937 0.4288424650828044 0.30947550137837726 0.33913910388946533 0.37815996011098224 0.29173944393793744 0.26857391993204754 0.25156782070795697 0.24262050787607828 0.23348418871561685 0.2253474791844686 0.2121520439783732 0.20224756002426147 0.1946946382522583 0.18732227881749472 0.18020800749460855 0.2009036143620809 0.16799690326054892 0.1624794602394104 0.15699173013369241 0.1535478631655375 0.14872793356577554 0.14411316315333048 0.13915548721949259 0.1349195937315623 0.13106303413709006 0.12699033816655478 0.12340729435284932 0.11968979239463806 0.11599331100781758 0.11311789353688557 0.1102461318174998 0.10699919859568278 0.10432473818461101 0.10150373975435893 0.09867793321609497 0.09635956088701884 0.09384140372276306 0.09143538276354472 0.08930547038714091 0.08702146013577779 0.08487799763679504 0.0827580988407135 0.08071507513523102 0.07884555558363597 0.07680518428484599 0.07494998474915822 0.07309051851431529 0.07134536405404408 0.06959262490272522 0.06778713564078014 0.06608298420906067 0.06434204181035359 0.06276864806811015 0.06115726629892985 0.05961346626281738 0.057953486839930214 0.05650261044502258 0.05514058470726013 0.05377886195977529 0.052366048097610474 0.05093811949094137 0.04964035749435425 0.09159849087397258 0.04729447762171427 0.045998399456342064 0.04491866131623586 0.04374115665753683
../machine-tasks/test_output_lookup_eos/lookup-3bit/samples/sample1/longer_compositions_new.tsv
	acc 0.3359375 0.515625 0.578125 0.609375 0.6171875 0.6328125 0.65625 0.6640625 0.6953125 0.6875 0.703125 0.7265625 0.765625 0.7421875 0.7109375 0.734375 0.7421875 0.75 0.7578125 0.765625 0.7578125 0.7578125 0.7734375 0.765625 0.7890625 0.78125 0.7890625 0.8046875 0.796875 0.796875 0.796875 0.796875 0.796875 0.8203125 0.8125 0.8203125 0.8046875 0.828125 0.8359375 0.8046875 0.796875 0.8359375 0.828125 0.8203125 0.8125 0.8359375 0.8125 0.8203125 0.8125 0.8203125 0.8203125 0.828125 0.828125 0.8125 0.828125 0.8046875 0.8125 0.8359375 0.828125 0.8203125 0.8203125 0.8125 0.8125 0.8203125 0.8203125 0.8359375 0.8359375 0.8359375 0.8203125 0.84375 0.8359375 0.8203125 0.84375 0.828125
	seq_acc 0.0 0.03125 0.03125 0.0625 0.0625 0.09375 0.09375 0.125 0.15625 0.15625 0.21875 0.21875 0.25 0.25 0.21875 0.21875 0.21875 0.25 0.28125 0.25 0.25 0.25 0.25 0.28125 0.34375 0.34375 0.375 0.375 0.375 0.375 0.375 0.375 0.375 0.40625 0.4375 0.40625 0.40625 0.4375 0.4375 0.40625 0.40625 0.4375 0.46875 0.4375 0.40625 0.46875 0.40625 0.4375 0.4375 0.4375 0.4375 0.4375 0.46875 0.4375 0.4375 0.40625 0.4375 0.4375 0.46875 0.4375 0.4375 0.46875 0.4375 0.46875 0.4375 0.5 0.46875 0.5 0.46875 0.5 0.5 0.46875 0.46875 0.46875
	target_acc 0.09375 0.125 0.125 0.15625 0.15625 0.15625 0.15625 0.1875 0.25 0.25 0.3125 0.3125 0.375 0.34375 0.28125 0.28125 0.28125 0.3125 0.34375 0.28125 0.3125 0.3125 0.3125 0.34375 0.40625 0.40625 0.40625 0.4375 0.4375 0.4375 0.4375 0.4375 0.4375 0.4375 0.4375 0.4375 0.4375 0.46875 0.5 0.40625 0.4375 0.46875 0.5 0.46875 0.4375 0.5 0.4375 0.5 0.4375 0.46875 0.46875 0.5 0.5 0.5 0.46875 0.46875 0.46875 0.46875 0.5 0.4375 0.5 0.46875 0.46875 0.5 0.4375 0.53125 0.5 0.53125 0.5 0.53125 0.53125 0.5 0.5 0.5
	nll_loss 1.634830355644226 1.3306303024291992 1.2312142848968506 1.0427162647247314 1.0250718593597412 0.9760233759880066 0.945863664150238 0.9335132241249084 0.9156973361968994 0.9372208118438721 0.8911962509155273 0.8311911821365356 0.7966609597206116 0.8377734422683716 0.8811817169189453 0.8564356565475464 0.8264768123626709 0.8631837368011475 0.8155807256698608 0.7863879799842834 0.819197952747345 0.8049196004867554 0.7726973295211792 0.7928422689437866 0.7761955261230469 0.7814202308654785 0.7711064219474792 0.7637526392936707 0.7872918844223022 0.776395320892334 0.7688741683959961 0.7624564170837402 0.7664099335670471 0.7452007532119751 0.7475106716156006 0.7591965198516846 0.776871919631958 0.742946445941925 0.7312851548194885 0.7691066265106201 0.8320413827896118 0.7248901128768921 0.7372761964797974 0.7739628553390503 0.7533389329910278 0.7345866560935974 0.8101470470428467 0.7423903942108154 0.8050600290298462 0.7663311958312988 0.7675490379333496 0.7152817249298096 0.7584646344184875 0.7504004240036011 0.7629335522651672 0.818274974822998 0.8521150946617126 0.6992417573928833 0.7538280487060547 0.7566329836845398 0.758177638053894 0.772080659866333 0.8784464001655579 0.8016623258590698 0.801704466342926 0.7790778875350952 0.7918910980224609 0.8200698494911194 0.8369436860084534 0.7774773240089417 0.818467378616333 0.8957196474075317 0.7517343759536743 0.8583064675331116
../machine-tasks/test_output_lookup_eos/lookup-3bit/samples/sample1/longer_compositions_incremental.tsv
	acc 0.4912361623616236 0.6180811808118081 0.647140221402214 0.6600553505535055 0.6674354243542435 0.6628228782287823 0.6623616236162362 0.665359778597786 0.665129151291513 0.6577490774907749 0.6628228782287823 0.6646678966789668 0.6678966789667896 0.6683579335793358 0.6386070110701108 0.6383763837638377 0.6390682656826568 0.6381457564575646 0.6388376383763837 0.639760147601476 0.639760147601476 0.6374538745387454 0.6353782287822878 0.6381457564575646 0.639990774907749 0.6381457564575646 0.643450184501845 0.6365313653136532 0.6427583025830258 0.6416051660516605 0.6363007380073801 0.6404520295202952 0.6422970479704797 0.6459870848708487 0.6411439114391144 0.6376845018450185 0.639760147601476 0.6420664206642066 0.6395295202952029 0.6448339483394834 0.6413745387453874 0.6376845018450185 0.6392988929889298 0.6457564575645757 0.6369926199261993 0.643219557195572 0.6439114391143912 0.6418357933579336 0.6409132841328413 0.6452952029520295 0.6443726937269373 0.6413745387453874 0.6425276752767528 0.6392988929889298 0.6409132841328413 0.6386070110701108 0.6418357933579336 0.6395295202952029 0.6411439114391144 0.6416051660516605 0.6376845018450185 0.6409132841328413 0.6425276752767528 0.6376845018450185 0.6425276752767528 0.6425276752767528 0.6411439114391144 0.6392988929889298 0.643450184501845 0.6443726937269373 0.6420664206642066 0.6487546125461254 0.6388376383763837 0.6406826568265682
	seq_acc 0.043357933579335796 0.12638376383763839 0.16143911439114392 0.18542435424354242 0.19833948339483395 0.1918819188191882 0.19095940959409594 0.19095940959409594 0.1863468634686347 0.20018450184501846 0.18081180811808117 0.18265682656826568 0.18542435424354242 0.19280442804428044 0.13376383763837638 0.1282287822878229 0.13099630996309963 0.12915129151291513 0.12730627306273062 0.13376383763837638 0.13376383763837638 0.12730627306273062 0.12915129151291513 0.13468634686346864 0.13468634686346864 0.12546125461254612 0.13560885608856088 0.12730627306273062 0.13745387453874539 0.13745387453874539 0.12730627306273062 0.13560885608856088 0.13376383763837638 0.1392988929889299 0.13099630996309963 0.12453874538745388 0.13284132841328414 0.13468634686346864 0.13376383763837638 0.13653136531365315 0.13191881918819187 0.13284132841328414 0.12730627306273062 0.14206642066420663 0.12730627306273062 0.13468634686346864 0.13745387453874539 0.13191881918819187 0.13653136531365315 0.14391143911439114 0.13745387453874539 0.13284132841328414 0.12915129151291513 0.13653136531365315 0.13468634686346864 0.12915129151291513 0.13284132841328414 0.13376383763837638 0.13468634686346864 0.13837638376383765 0.13191881918819187 0.13191881918819187 0.13560885608856088 0.1282287822878229 0.13837638376383765 0.13468634686346864 0.1392988929889299 0.13376383763837638 0.14206642066420663 0.13745387453874539 0.14391143911439114 0.1466789667896679 0.13653136531365315 0.13468634686346864
	target_acc 0.16051660516605165 0.20387453874538744 0.24077490774907748 0.25830258302583026 0.2785977859778598 0.275830258302583 0.27398523985239853 0.275830258302583 0.26752767527675275 0.2785977859778598 0.26014760147601473 0.257380073800738 0.2592250922509225 0.26383763837638374 0.23062730627306274 0.22601476014760147 0.22878228782287824 0.22324723247232472 0.22047970479704798 0.22601476014760147 0.22416974169741696 0.22047970479704798 0.21678966789667897 0.22232472324723246 0.22416974169741696 0.22324723247232472 0.22878228782287824 0.21863468634686348 0.22693726937269373 0.22324723247232472 0.2140221402214022 0.22785977859778597 0.22416974169741696 0.22693726937269373 0.22140221402214022 0.21033210332103322 0.22324723247232472 0.22601476014760147 0.21494464944649447 0.22970479704797048 0.22601476014760147 0.21955719557195572 0.21494464944649447 0.2333948339483395 0.21494464944649447 0.2177121771217712 0.23247232472324722 0.22324723247232472 0.22416974169741696 0.2333948339483395 0.23154981549815498 0.22693726937269373 0.22047970479704798 0.22509225092250923 0.2177121771217712 0.21863468634686348 0.21863468634686348 0.22509225092250923 0.22509225092250923 0.22416974169741696 0.21309963099630996 0.21955719557195572 0.22324723247232472 0.21217712177121772 0.22878228782287824 0.2177121771217712 0.22601476014760147 0.2158671586715867 0.22601476014760147 0.22140221402214022 0.22970479704797048 0.22878228782287824 0.22416974169741696 0.22601476014760147
	nll_loss 1.4078611135482788 1.1803127527236938 1.2766218185424805 1.3871855735778809 1.458672046661377 1.5862104892730713 1.650872826576233 1.7156152725219727 1.7625510692596436 1.88619065284729 1.6373175382614136 1.77239191532135 1.819088101387024 1.877772331237793 1.9441678524017334 2.0764193534851074 2.1510119438171387 2.211439609527588 2.2623465061187744 2.3018016815185547 2.33915376663208 2.3860340118408203 2.450997829437256 2.4564223289489746 2.4791860580444336 2.5287020206451416 2.501516819000244 2.5871691703796387 2.55145001411438 2.601207733154297 2.668200731277466 2.642892837524414 2.6398491859436035 2.6454575061798096 2.7035462856292725 2.761073350906372 2.7642669677734375 2.7468156814575195 2.8039283752441406 2.7859702110290527 2.8151421546936035 2.876180648803711 2.8851263523101807 2.8515734672546387 2.948176860809326 2.901580810546875 2.926910400390625 2.9568796157836914 2.982536554336548 2.96867299079895 2.986295461654663 3.021951675415039 3.0499157905578613 3.101300001144409 3.079740524291992 3.1278274059295654 3.097628116607666 3.1481120586395264 3.1481223106384277 3.1579134464263916 3.225173234939575 3.2102949619293213 3.2190632820129395 3.278590679168701 3.248058795928955 3.284419298171997 3.302417278289795 3.3311126232147217 3.31815242767334 3.3159217834472656 3.346059799194336 3.310810089111328 3.4453392028808594 3.4401369094848633
../machine-tasks/test_output_lookup_eos/lookup-3bit/samples/sample1/longer_compositions_seen.tsv
	acc 0.5450367647058824 0.6783088235294118 0.6865808823529411 0.6911764705882353 0.6925551470588235 0.6911764705882353 0.6943933823529411 0.6852022058823529 0.6948529411764706 0.6796875 0.6911764705882353 0.6920955882352942 0.6815257352941176 0.6870404411764706 0.6677389705882353 0.6617647058823529 0.6695772058823529 0.6544117647058824 0.6645220588235294 0.6603860294117647 0.6590073529411765 0.6590073529411765 0.6576286764705882 0.6659007352941176 0.6617647058823529 0.6654411764705882 0.6668198529411765 0.6695772058823529 0.6654411764705882 0.6663602941176471 0.6691176470588235 0.6663602941176471 0.6681985294117647 0.6631433823529411 0.6686580882352942 0.6695772058823529 0.6677389705882353 0.6700367647058824 0.6723345588235294 0.6723345588235294 0.6631433823529411 0.6649816176470589 0.6668198529411765 0.6626838235294118 0.6668198529411765 0.6677389705882353 0.6663602941176471 0.6617647058823529 0.6755514705882353 0.6654411764705882 0.6663602941176471 0.6723345588235294 0.6654411764705882 0.6695772058823529 0.6636029411764706 0.6704963235294118 0.6760110294117647 0.6636029411764706 0.6709558823529411 0.6663602941176471 0.6709558823529411 0.6732536764705882 0.6649816176470589 0.6672794117647058 0.6686580882352942 0.6727941176470589 0.6750919117647058 0.6626838235294118 0.6677389705882353 0.6654411764705882 0.6691176470588235 0.6723345588235294 0.6677389705882353 0.6709558823529411
	seq_acc 0.06985294117647059 0.14705882352941177 0.22242647058823528 0.23529411764705882 0.22977941176470587 0.22977941176470587 0.22426470588235295 0.21691176470588236 0.23345588235294118 0.22977941176470587 0.22058823529411764 0.21875 0.2113970588235294 0.21691176470588236 0.17830882352941177 0.17095588235294118 0.17830882352941177 0.15808823529411764 0.17463235294117646 0.16727941176470587 0.16176470588235295 0.16911764705882354 0.15257352941176472 0.17647058823529413 0.16544117647058823 0.18566176470588236 0.17647058823529413 0.17279411764705882 0.16727941176470587 0.16727941176470587 0.1801470588235294 0.16727941176470587 0.17279411764705882 0.16911764705882354 0.17463235294117646 0.17463235294117646 0.17095588235294118 0.1801470588235294 0.17830882352941177 0.18566176470588236 0.17279411764705882 0.16727941176470587 0.17647058823529413 0.17095588235294118 0.17830882352941177 0.1801470588235294 0.16911764705882354 0.17095588235294118 0.1875 0.16911764705882354 0.18198529411764705 0.17830882352941177 0.16911764705882354 0.17647058823529413 0.17279411764705882 0.18198529411764705 0.1875 0.17095588235294118 0.1875 0.17279411764705882 0.18198529411764705 0.1875 0.17647058823529413 0.17095588235294118 0.17830882352941177 0.18382352941176472 0.18566176470588236 0.17095588235294118 0.17647058823529413 0.17830882352941177 0.1801470588235294 0.18382352941176472 0.17830882352941177 0.17647058823529413
	target_acc 0.1875 0.20036764705882354 0.26286764705882354 0.2757352941176471 0.27389705882352944 0.26838235294117646 0.2610294117647059 0.24816176470588236 0.26838235294117646 0.26286764705882354 0.2555147058823529 0.25919117647058826 0.2426470588235294 0.24448529411764705 0.24448529411764705 0.23345588235294118 0.23897058823529413 0.22242647058823528 0.23345588235294118 0.22977941176470587 0.22242647058823528 0.23345588235294118 0.22058823529411764 0.24448529411764705 0.23161764705882354 0.24816176470588236 0.23713235294117646 0.22794117647058823 0.22794117647058823 0.2261029411764706 0.23713235294117646 0.23529411764705882 0.23345588235294118 0.21691176470588236 0.23161764705882354 0.22794117647058823 0.23161764705882354 0.2426470588235294 0.24448529411764705 0.2426470588235294 0.22058823529411764 0.22794117647058823 0.23897058823529413 0.24080882352941177 0.23897058823529413 0.24632352941176472 0.22977941176470587 0.23345588235294118 0.2426470588235294 0.22426470588235295 0.24080882352941177 0.24080882352941177 0.22794117647058823 0.23897058823529413 0.22426470588235295 0.23897058823529413 0.25183823529411764 0.23345588235294118 0.24816176470588236 0.23713235294117646 0.2426470588235294 0.25183823529411764 0.24080882352941177 0.2261029411764706 0.23897058823529413 0.24448529411764705 0.25183823529411764 0.22977941176470587 0.2426470588235294 0.23529411764705882 0.23345588235294118 0.24632352941176472 0.2426470588235294 0.23897058823529413
	nll_loss 1.2921257019042969 1.0077319145202637 1.1591591835021973 1.3070791959762573 1.4309473037719727 1.5642492771148682 1.5885027647018433 1.7142152786254883 1.7139688730239868 1.908432960510254 1.5727019309997559 1.717207670211792 1.8743462562561035 1.9076828956604004 1.9339652061462402 2.0865180492401123 2.1049885749816895 2.276463747024536 2.25856876373291 2.325313091278076 2.396939516067505 2.4159257411956787 2.490658760070801 2.438079833984375 2.5236494541168213 2.5137109756469727 2.5312981605529785 2.546898365020752 2.6048765182495117 2.600675106048584 2.635277032852173 2.650423288345337 2.677056312561035 2.736520528793335 2.737091064453125 2.7230610847473145 2.7707643508911133 2.756389856338501 2.742873191833496 2.781075954437256 2.8878750801086426 2.902864456176758 2.890069007873535 2.961592197418213 2.9393324851989746 2.950101375579834 2.9798662662506104 3.0626707077026367 2.932223320007324 3.038121223449707 3.043940544128418 2.9989442825317383 3.083421230316162 3.0788140296936035 3.1497273445129395 3.0896568298339844 3.0813989639282227 3.215341329574585 3.1685876846313477 3.2213258743286133 3.1859216690063477 3.1828432083129883 3.29923677444458 3.267312526702881 3.264467716217041 3.2301433086395264 3.232930898666382 3.3590736389160156 3.354607105255127 3.3885974884033203 3.390174388885498 3.3620998859405518 3.4235100746154785 3.4204978942871094
