steps 200 300 400 500 600 700 800 900 1000 1100 1200 1300 1400 1500 1600 1700 1800 1900 2000 2100 2200 2300 2400 2500 2600 2700 2800 2900 3000 3100 3200 3300 3400 3500 3600 3700 3800 3900 4000 4100 4200 4300 4400 4500 4600 4700 4800 4900 5000 5100 5200 5300 5400 5500 5600 5700 5800 5900 6000 6100 6200 6300 6400 6500 6600 6700 6800 6900 7000 7100 7200 7300 7400 7500
Train
	acc 0.3460648148148148 0.4479166666666667 0.6342592592592593 0.6736111111111112 0.7233796296296297 0.7453703703703703 0.7731481481481481 0.8217592592592593 0.8541666666666666 0.8854166666666666 0.9155092592592593 0.9328703703703703 0.9421296296296297 0.9560185185185185 0.9675925925925926 0.9826388888888888 0.9918981481481481 0.9895833333333334 0.9953703703703703 0.9965277777777778 0.9953703703703703 1.0 1.0 1.0 1.0 1.0 1.0 1.0 1.0 1.0 1.0 1.0 1.0 1.0 1.0 1.0 1.0 1.0 1.0 1.0 1.0 1.0 1.0 1.0 1.0 1.0 1.0 1.0 1.0 1.0 1.0 0.9386574074074074 1.0 1.0 1.0 1.0 1.0 1.0 1.0 1.0 1.0 1.0 1.0 1.0 1.0 1.0 1.0 1.0 1.0 1.0 1.0 1.0 1.0 1.0
	seq_acc 0.01293103448275862 0.017241379310344827 0.11637931034482758 0.1724137931034483 0.2629310344827586 0.27155172413793105 0.34913793103448276 0.43103448275862066 0.5043103448275862 0.6206896551724138 0.6982758620689655 0.7672413793103449 0.8017241379310345 0.8405172413793104 0.8836206896551724 0.9353448275862069 0.9698275862068966 0.9612068965517241 0.9827586206896551 0.9870689655172413 0.9827586206896551 1.0 1.0 1.0 1.0 1.0 1.0 1.0 1.0 1.0 1.0 1.0 1.0 1.0 1.0 1.0 1.0 1.0 1.0 1.0 1.0 1.0 1.0 1.0 1.0 1.0 1.0 1.0 1.0 1.0 1.0 0.8017241379310345 1.0 1.0 1.0 1.0 1.0 1.0 1.0 1.0 1.0 1.0 1.0 1.0 1.0 1.0 1.0 1.0 1.0 1.0 1.0 1.0 1.0 1.0
	target_acc 0.03879310344827586 0.1896551724137931 0.2025862068965517 0.2629310344827586 0.31896551724137934 0.3577586206896552 0.4267241379310345 0.4956896551724138 0.5431034482758621 0.6379310344827587 0.7155172413793104 0.7801724137931034 0.8017241379310345 0.853448275862069 0.8922413793103449 0.9439655172413793 0.9741379310344828 0.9655172413793104 0.9827586206896551 0.9870689655172413 0.9827586206896551 1.0 1.0 1.0 1.0 1.0 1.0 1.0 1.0 1.0 1.0 1.0 1.0 1.0 1.0 1.0 1.0 1.0 1.0 1.0 1.0 1.0 1.0 1.0 1.0 1.0 1.0 1.0 1.0 1.0 1.0 0.8577586206896551 1.0 1.0 1.0 1.0 1.0 1.0 1.0 1.0 1.0 1.0 1.0 1.0 1.0 1.0 1.0 1.0 1.0 1.0 1.0 1.0 1.0 1.0
	nll_loss 1.5757707357406616 1.2405970096588135 0.9958400726318359 0.8140060901641846 0.6985118389129639 0.6366175413131714 0.5457934141159058 0.4796697199344635 0.40525054931640625 0.32875558733940125 0.27730774879455566 0.23152174055576324 0.19715577363967896 0.1802040934562683 0.1262730062007904 0.10266382247209549 0.0804174616932869 0.07010393589735031 0.04837765917181969 0.03858381509780884 0.0432555116713047 0.026142433285713196 0.021444665268063545 0.017457962036132812 0.014638790860772133 0.012561780400574207 0.010579095222055912 0.00912612397223711 0.007980255410075188 0.0070054540410637856 0.006189001724123955 0.005461603403091431 0.004871546756476164 0.004367209505289793 0.003946904093027115 0.003577236318960786 0.0032588497269898653 0.0029870409052819014 0.0027295139152556658 0.0025072696153074503 0.002302485750988126 0.0021267072297632694 0.001964687369763851 0.0018142458284273744 0.0016824663616716862 0.001559344120323658 0.0014470990281552076 0.0013470854610204697 0.001256234128959477 0.0011707751546055079 0.0010943819070234895 0.2281111478805542 0.011417673900723457 0.0046190544962882996 0.003314431756734848 0.0026553799398243427 0.0022258691024035215 0.0019240695983171463 0.0016987851122394204 0.001518571749329567 0.001371084013953805 0.001247013220563531 0.0011397922644391656 0.0010474928421899676 0.0009653280139900744 0.0008930854382924736 0.0008291825070045888 0.0007714183302596211 0.0007201286498457193 0.0006729636806994677 0.0006298446096479893 0.0005906827282160521 0.0005538999103009701 0.0005203047767281532
../machine-tasks/test_output_lookup_eos/lookup-3bit/samples/sample1/validation.tsv
	acc 0.25 0.375 0.640625 0.609375 0.640625 0.65625 0.6875 0.71875 0.671875 0.75 0.71875 0.71875 0.703125 0.734375 0.734375 0.734375 0.734375 0.75 0.765625 0.765625 0.734375 0.75 0.75 0.71875 0.703125 0.734375 0.71875 0.71875 0.71875 0.71875 0.71875 0.734375 0.75 0.75 0.75 0.75 0.75 0.75 0.75 0.75 0.75 0.75 0.75 0.75 0.75 0.75 0.75 0.75 0.75 0.75 0.75 0.734375 0.703125 0.6875 0.6875 0.703125 0.703125 0.703125 0.703125 0.703125 0.703125 0.703125 0.71875 0.71875 0.71875 0.71875 0.71875 0.71875 0.71875 0.71875 0.71875 0.71875 0.71875 0.71875
	seq_acc 0.0 0.0 0.125 0.125 0.125 0.125 0.1875 0.1875 0.125 0.3125 0.1875 0.1875 0.1875 0.1875 0.1875 0.1875 0.1875 0.25 0.25 0.25 0.25 0.25 0.25 0.1875 0.1875 0.25 0.1875 0.1875 0.1875 0.1875 0.1875 0.1875 0.1875 0.1875 0.1875 0.1875 0.1875 0.1875 0.1875 0.1875 0.1875 0.1875 0.1875 0.1875 0.1875 0.1875 0.1875 0.1875 0.1875 0.1875 0.1875 0.3125 0.1875 0.1875 0.1875 0.1875 0.1875 0.1875 0.1875 0.1875 0.1875 0.1875 0.1875 0.1875 0.1875 0.1875 0.1875 0.1875 0.1875 0.1875 0.1875 0.1875 0.1875 0.1875
	target_acc 0.0 0.125 0.125 0.125 0.125 0.125 0.25 0.1875 0.125 0.3125 0.1875 0.1875 0.1875 0.1875 0.1875 0.1875 0.1875 0.25 0.25 0.25 0.25 0.25 0.25 0.1875 0.1875 0.25 0.1875 0.1875 0.1875 0.1875 0.1875 0.1875 0.1875 0.1875 0.1875 0.1875 0.1875 0.1875 0.1875 0.1875 0.1875 0.1875 0.1875 0.1875 0.1875 0.1875 0.1875 0.1875 0.1875 0.1875 0.1875 0.3125 0.1875 0.1875 0.1875 0.1875 0.1875 0.1875 0.1875 0.1875 0.1875 0.1875 0.1875 0.1875 0.1875 0.1875 0.1875 0.1875 0.1875 0.1875 0.1875 0.1875 0.1875 0.1875
	nll_loss 1.7840089797973633 1.4339324235916138 1.2129522562026978 1.1605173349380493 1.0722129344940186 1.0565320253372192 1.0612576007843018 0.9604575037956238 0.9737545251846313 0.8521400094032288 0.9245635271072388 0.947767972946167 1.0392731428146362 1.0609424114227295 1.106656789779663 1.1338961124420166 1.1581612825393677 1.1550534963607788 1.1376162767410278 1.1742827892303467 1.2300857305526733 1.1866837739944458 1.187829852104187 1.2828376293182373 1.3049410581588745 1.276068925857544 1.3237438201904297 1.3484317064285278 1.3652560710906982 1.3784765005111694 1.3995039463043213 1.3984392881393433 1.3774687051773071 1.3896734714508057 1.4035348892211914 1.412400722503662 1.4220874309539795 1.4289331436157227 1.4375914335250854 1.4457368850708008 1.4558900594711304 1.4638011455535889 1.4758288860321045 1.4766767024993896 1.49661123752594 1.500970721244812 1.5130037069320679 1.5228053331375122 1.5260123014450073 1.539519190788269 1.5449271202087402 1.4358173608779907 1.4922285079956055 1.6212122440338135 1.646026372909546 1.6483019590377808 1.6671702861785889 1.6890497207641602 1.7024058103561401 1.7186018228530884 1.7321728467941284 1.747632384300232 1.6990296840667725 1.7090240716934204 1.7158743143081665 1.7277896404266357 1.733628273010254 1.7440941333770752 1.7511862516403198 1.760454535484314 1.7696679830551147 1.7739008665084839 1.7832504510879517 1.7897000312805176
../machine-tasks/test_output_lookup_eos/lookup-3bit/samples/sample1/heldout_compositions.tsv
	acc 0.3125 0.40625 0.6015625 0.6171875 0.65625 0.6640625 0.67578125 0.73046875 0.7421875 0.7578125 0.78125 0.78515625 0.76953125 0.76953125 0.79296875 0.78515625 0.796875 0.7890625 0.80078125 0.80078125 0.7890625 0.8125 0.80078125 0.8046875 0.8125 0.8203125 0.8125 0.8125 0.8125 0.8125 0.81640625 0.8125 0.81640625 0.8125 0.81640625 0.81640625 0.8125 0.81640625 0.8125 0.81640625 0.81640625 0.8125 0.8203125 0.8203125 0.8203125 0.8203125 0.8203125 0.8203125 0.8203125 0.8203125 0.8203125 0.75390625 0.8125 0.8203125 0.81640625 0.81640625 0.81640625 0.8203125 0.81640625 0.8203125 0.8203125 0.81640625 0.81640625 0.81640625 0.81640625 0.81640625 0.8125 0.8125 0.81640625 0.81640625 0.81640625 0.81640625 0.81640625 0.81640625
	seq_acc 0.0 0.0 0.03125 0.0625 0.109375 0.109375 0.09375 0.203125 0.1875 0.21875 0.25 0.265625 0.25 0.203125 0.296875 0.28125 0.3125 0.296875 0.328125 0.34375 0.28125 0.328125 0.296875 0.3125 0.328125 0.359375 0.328125 0.328125 0.328125 0.328125 0.34375 0.328125 0.34375 0.328125 0.34375 0.34375 0.328125 0.34375 0.328125 0.34375 0.34375 0.328125 0.359375 0.359375 0.359375 0.359375 0.359375 0.359375 0.359375 0.359375 0.359375 0.203125 0.359375 0.34375 0.34375 0.34375 0.34375 0.359375 0.34375 0.34375 0.34375 0.328125 0.328125 0.328125 0.328125 0.328125 0.3125 0.3125 0.328125 0.328125 0.328125 0.328125 0.328125 0.328125
	target_acc 0.0 0.109375 0.109375 0.125 0.171875 0.15625 0.203125 0.265625 0.234375 0.28125 0.3125 0.328125 0.28125 0.265625 0.34375 0.296875 0.34375 0.3125 0.359375 0.375 0.328125 0.359375 0.328125 0.34375 0.359375 0.390625 0.359375 0.359375 0.359375 0.359375 0.375 0.359375 0.375 0.359375 0.375 0.375 0.359375 0.375 0.359375 0.375 0.359375 0.359375 0.375 0.375 0.375 0.375 0.375 0.375 0.375 0.375 0.375 0.265625 0.40625 0.40625 0.390625 0.390625 0.390625 0.40625 0.390625 0.390625 0.390625 0.375 0.375 0.375 0.375 0.375 0.359375 0.359375 0.375 0.375 0.375 0.375 0.375 0.375
	nll_loss 1.8070135116577148 1.390896201133728 1.2280601263046265 1.0631014108657837 0.9514656066894531 0.9216923713684082 0.8343138098716736 0.795627236366272 0.7654554843902588 0.7396326065063477 0.7000999450683594 0.7264871597290039 0.7431095838546753 0.7260351181030273 0.736490786075592 0.7626516819000244 0.7516210675239563 0.7966931462287903 0.784938633441925 0.8030176758766174 0.8217325210571289 0.8216588497161865 0.836101233959198 0.8519462943077087 0.855683445930481 0.8610539436340332 0.8709791302680969 0.8793715238571167 0.8862825036048889 0.8992068767547607 0.9054684042930603 0.9171963930130005 0.9233197569847107 0.9318110942840576 0.9414973258972168 0.9483166337013245 0.9546558260917664 0.960720419883728 0.9728490114212036 0.9739872217178345 0.9997872114181519 0.9858380556106567 1.0108613967895508 1.0178580284118652 1.019022822380066 1.0285866260528564 1.0321447849273682 1.0375207662582397 1.043923020362854 1.0481406450271606 1.0502805709838867 0.9392062425613403 0.8937347531318665 0.8770958781242371 0.8902642726898193 0.894035816192627 0.8973082900047302 0.9007253646850586 0.9034358263015747 0.9045513868331909 0.9096006751060486 0.9146918654441833 0.9193577170372009 0.9228105545043945 0.927121102809906 0.9325907230377197 0.936212420463562 0.9395912289619446 0.9438055753707886 0.9468361735343933 0.9514504075050354 0.9548232555389404 0.9593356251716614 0.9630551934242249
../machine-tasks/test_output_lookup_eos/lookup-3bit/samples/sample1/heldout_inputs.tsv
	acc 0.2875 0.425 0.58125 0.58125 0.64375 0.68125 0.6625 0.7 0.75625 0.725 0.75625 0.775 0.7875 0.76875 0.76875 0.79375 0.775 0.8 0.7875 0.78125 0.7875 0.775 0.78125 0.78125 0.7875 0.76875 0.78125 0.7875 0.7875 0.7875 0.7875 0.7875 0.7875 0.7875 0.7875 0.78125 0.78125 0.78125 0.78125 0.78125 0.78125 0.78125 0.78125 0.79375 0.79375 0.79375 0.79375 0.79375 0.79375 0.79375 0.79375 0.73125 0.7875 0.775 0.7875 0.7875 0.7875 0.7875 0.79375 0.79375 0.79375 0.79375 0.79375 0.79375 0.79375 0.79375 0.79375 0.79375 0.79375 0.79375 0.8 0.8 0.8 0.8
	seq_acc 0.0 0.0 0.1 0.1 0.125 0.175 0.175 0.2 0.275 0.2 0.225 0.275 0.3 0.225 0.25 0.275 0.225 0.275 0.25 0.25 0.275 0.225 0.25 0.275 0.3 0.25 0.275 0.3 0.3 0.3 0.3 0.3 0.3 0.3 0.3 0.275 0.275 0.275 0.275 0.275 0.275 0.275 0.275 0.275 0.275 0.275 0.275 0.275 0.275 0.275 0.275 0.2 0.25 0.225 0.225 0.225 0.225 0.225 0.25 0.25 0.25 0.25 0.25 0.25 0.25 0.25 0.25 0.25 0.25 0.25 0.275 0.275 0.275 0.275
	target_acc 0.0 0.2 0.25 0.2 0.225 0.2 0.2 0.25 0.325 0.225 0.225 0.275 0.35 0.25 0.25 0.3 0.25 0.275 0.275 0.275 0.3 0.25 0.275 0.275 0.325 0.275 0.3 0.3 0.3 0.3 0.3 0.3 0.3 0.3 0.3 0.275 0.275 0.275 0.275 0.275 0.275 0.275 0.275 0.275 0.275 0.275 0.275 0.275 0.275 0.275 0.275 0.275 0.275 0.225 0.225 0.225 0.225 0.225 0.25 0.25 0.25 0.25 0.25 0.25 0.25 0.25 0.25 0.25 0.25 0.25 0.275 0.275 0.275 0.275
	nll_loss 1.7756617069244385 1.3728731870651245 1.1795892715454102 1.058854579925537 0.9492535591125488 0.8808268904685974 0.8408730626106262 0.8586837649345398 0.7650770545005798 0.8003407716751099 0.7521985173225403 0.7612470984458923 0.7880682349205017 0.7804655432701111 0.8111797571182251 0.8084717392921448 0.8738340139389038 0.8183967471122742 0.8592835068702698 0.9064815640449524 0.9305980205535889 0.9434059262275696 0.9639407992362976 0.9719378352165222 1.0022164583206177 1.057665228843689 1.0199936628341675 1.032279372215271 1.0385372638702393 1.0493699312210083 1.0623066425323486 1.0732835531234741 1.0856467485427856 1.0924521684646606 1.099860668182373 1.1081674098968506 1.1162388324737549 1.1239614486694336 1.126692295074463 1.1390362977981567 1.1472471952438354 1.152931809425354 1.163147211074829 1.1650418043136597 1.1721432209014893 1.1796875 1.1875553131103516 1.194793939590454 1.203383207321167 1.211445927619934 1.218166470527649 1.13527512550354 0.926677942276001 0.972000777721405 0.9949194192886353 1.008979082107544 1.021066665649414 1.0314854383468628 1.0431233644485474 1.0511685609817505 1.0609594583511353 1.068293809890747 1.075228214263916 1.085133671760559 1.0949673652648926 1.0996342897415161 1.1096086502075195 1.1183527708053589 1.1264721155166626 1.1330599784851074 1.1433923244476318 1.1500800848007202 1.155798316001892 1.1636443138122559
../machine-tasks/test_output_lookup_eos/lookup-3bit/samples/sample1/heldout_tables.tsv
	acc 0.3138020833333333 0.3528645833333333 0.53125 0.5651041666666666 0.5859375 0.59375 0.60546875 0.61328125 0.6236979166666666 0.6263020833333334 0.6380208333333334 0.6419270833333334 0.6354166666666666 0.6328125 0.65234375 0.6588541666666666 0.65625 0.66015625 0.6666666666666666 0.6692708333333334 0.6549479166666666 0.6653645833333334 0.6653645833333334 0.6692708333333334 0.6705729166666666 0.6653645833333334 0.6731770833333334 0.6744791666666666 0.6731770833333334 0.6783854166666666 0.6783854166666666 0.6796875 0.6783854166666666 0.67578125 0.67578125 0.67578125 0.6744791666666666 0.6731770833333334 0.6770833333333334 0.6731770833333334 0.67578125 0.6770833333333334 0.6796875 0.6783854166666666 0.67578125 0.6770833333333334 0.67578125 0.67578125 0.6770833333333334 0.67578125 0.67578125 0.6484375 0.6614583333333334 0.6653645833333334 0.6653645833333334 0.6653645833333334 0.66796875 0.6692708333333334 0.6692708333333334 0.66796875 0.6705729166666666 0.6705729166666666 0.6692708333333334 0.6692708333333334 0.6692708333333334 0.6692708333333334 0.6705729166666666 0.6705729166666666 0.6705729166666666 0.671875 0.671875 0.671875 0.6731770833333334 0.6731770833333334
	seq_acc 0.0 0.0 0.010416666666666666 0.005208333333333333 0.005208333333333333 0.010416666666666666 0.026041666666666668 0.020833333333333332 0.026041666666666668 0.005208333333333333 0.010416666666666666 0.0 0.015625 0.0 0.026041666666666668 0.052083333333333336 0.036458333333333336 0.052083333333333336 0.046875 0.0625 0.036458333333333336 0.052083333333333336 0.046875 0.06770833333333333 0.06770833333333333 0.046875 0.057291666666666664 0.0625 0.0625 0.06770833333333333 0.06770833333333333 0.06770833333333333 0.06770833333333333 0.057291666666666664 0.057291666666666664 0.057291666666666664 0.057291666666666664 0.052083333333333336 0.057291666666666664 0.046875 0.052083333333333336 0.052083333333333336 0.057291666666666664 0.052083333333333336 0.052083333333333336 0.052083333333333336 0.052083333333333336 0.052083333333333336 0.046875 0.046875 0.046875 0.041666666666666664 0.036458333333333336 0.046875 0.046875 0.046875 0.046875 0.052083333333333336 0.046875 0.052083333333333336 0.052083333333333336 0.052083333333333336 0.052083333333333336 0.052083333333333336 0.052083333333333336 0.052083333333333336 0.052083333333333336 0.052083333333333336 0.052083333333333336 0.057291666666666664 0.052083333333333336 0.052083333333333336 0.052083333333333336 0.052083333333333336
	target_acc 0.0 0.010416666666666666 0.09895833333333333 0.06770833333333333 0.09895833333333333 0.0625 0.08333333333333333 0.07291666666666667 0.07291666666666667 0.041666666666666664 0.036458333333333336 0.036458333333333336 0.057291666666666664 0.015625 0.057291666666666664 0.07291666666666667 0.0625 0.078125 0.078125 0.09375 0.052083333333333336 0.07291666666666667 0.0625 0.078125 0.08854166666666667 0.0625 0.07291666666666667 0.078125 0.07291666666666667 0.078125 0.078125 0.078125 0.078125 0.06770833333333333 0.06770833333333333 0.06770833333333333 0.06770833333333333 0.0625 0.06770833333333333 0.057291666666666664 0.06770833333333333 0.0625 0.07291666666666667 0.06770833333333333 0.0625 0.0625 0.0625 0.0625 0.0625 0.0625 0.0625 0.057291666666666664 0.036458333333333336 0.052083333333333336 0.052083333333333336 0.052083333333333336 0.052083333333333336 0.057291666666666664 0.052083333333333336 0.057291666666666664 0.057291666666666664 0.057291666666666664 0.057291666666666664 0.057291666666666664 0.057291666666666664 0.057291666666666664 0.057291666666666664 0.057291666666666664 0.057291666666666664 0.0625 0.057291666666666664 0.057291666666666664 0.057291666666666664 0.057291666666666664
	nll_loss 2.20505952835083 1.553320050239563 1.3428643941879272 1.2645999193191528 1.231810212135315 1.4184495210647583 1.2996928691864014 1.3116132020950317 1.4645106792449951 1.662707805633545 1.7335559129714966 1.6968289613723755 1.7587769031524658 1.9511417150497437 1.816865086555481 1.8930944204330444 2.0411994457244873 1.8959529399871826 1.9845831394195557 2.029386281967163 2.147449016571045 2.1367883682250977 2.189262866973877 2.2002158164978027 2.2019426822662354 2.213897705078125 2.257631301879883 2.2976491451263428 2.3147854804992676 2.335507869720459 2.336472988128662 2.3764917850494385 2.3990678787231445 2.427877187728882 2.4525034427642822 2.4620020389556885 2.4821226596832275 2.4856936931610107 2.525797128677368 2.529728412628174 2.5587425231933594 2.5626134872436523 2.583862543106079 2.6014606952667236 2.612055778503418 2.6315855979919434 2.6439719200134277 2.6578004360198975 2.689537525177002 2.6944336891174316 2.7082550525665283 2.106679677963257 2.6718544960021973 2.7392616271972656 2.8208274841308594 2.8594563007354736 2.8973445892333984 2.922712802886963 2.952639102935791 2.970702886581421 2.996797561645508 3.0168356895446777 3.0424160957336426 3.059772491455078 3.081554889678955 3.0968236923217773 3.1156842708587646 3.1281497478485107 3.1474227905273438 3.1603753566741943 3.1856138706207275 3.199371576309204 3.2221672534942627 3.2398622035980225
../machine-tasks/test_output_lookup_eos/lookup-3bit/samples/sample1/new_compositions.tsv
	acc 0.296875 0.328125 0.453125 0.515625 0.515625 0.5234375 0.53125 0.5234375 0.5546875 0.59375 0.6015625 0.59375 0.6171875 0.671875 0.6640625 0.6484375 0.6796875 0.6796875 0.6796875 0.6796875 0.703125 0.703125 0.703125 0.703125 0.703125 0.703125 0.703125 0.703125 0.703125 0.703125 0.703125 0.703125 0.703125 0.703125 0.703125 0.703125 0.703125 0.703125 0.703125 0.703125 0.703125 0.703125 0.703125 0.703125 0.703125 0.703125 0.6953125 0.6953125 0.703125 0.6953125 0.6953125 0.6328125 0.703125 0.703125 0.703125 0.703125 0.703125 0.703125 0.6953125 0.6953125 0.6953125 0.6953125 0.6953125 0.6875 0.6875 0.6875 0.6953125 0.6953125 0.6953125 0.6953125 0.6953125 0.6953125 0.6953125 0.6953125
	seq_acc 0.0 0.0 0.0 0.0 0.0 0.0 0.0 0.0 0.0 0.0 0.0 0.0 0.0 0.0 0.0 0.0 0.0 0.0 0.0 0.0 0.0 0.0 0.0 0.0 0.0 0.0 0.0 0.0 0.0 0.0 0.0 0.0 0.0 0.0 0.0 0.0 0.0 0.0 0.0 0.0 0.0 0.0 0.0 0.0 0.0 0.0 0.0 0.0 0.0 0.0 0.0 0.0 0.0 0.0 0.0 0.0 0.0 0.0 0.0 0.0 0.0 0.0 0.0 0.0 0.0 0.0 0.0 0.0 0.0 0.0 0.0 0.0 0.0 0.0
	target_acc 0.0 0.0 0.125 0.0 0.0625 0.0 0.0 0.0 0.0 0.0 0.0 0.0 0.0 0.0 0.0 0.0 0.0 0.0 0.0 0.0 0.0 0.0 0.0 0.0 0.0 0.0 0.0 0.0 0.0 0.0 0.0 0.0 0.0 0.0 0.0 0.0 0.0 0.0 0.0 0.0 0.0 0.0 0.0 0.0 0.0 0.0 0.0 0.0 0.0 0.0 0.0 0.0 0.0 0.0 0.0 0.0 0.0 0.0 0.0 0.0 0.0 0.0 0.0 0.0 0.0 0.0 0.0 0.0 0.0 0.0 0.0 0.0 0.0 0.0
	nll_loss 2.5921754837036133 2.015132188796997 1.595057487487793 1.6911019086837769 1.787013292312622 2.427711009979248 2.409728765487671 2.389444589614868 2.599212646484375 2.7302353382110596 2.7394773960113525 2.7572410106658936 2.7463490962982178 2.721405029296875 2.756319522857666 2.7655093669891357 2.7255678176879883 2.7153561115264893 2.768167734146118 2.8186755180358887 2.790748119354248 2.8321211338043213 2.8679141998291016 2.891207218170166 2.9025774002075195 2.9201321601867676 2.9470155239105225 2.974531412124634 2.993072271347046 3.0152244567871094 3.03979754447937 3.067767381668091 3.0926051139831543 3.118527412414551 3.1451218128204346 3.1638522148132324 3.1824657917022705 3.2006194591522217 3.228872299194336 3.2424798011779785 3.2636306285858154 3.2788615226745605 3.2972769737243652 3.3087356090545654 3.3250956535339355 3.337254762649536 3.3455777168273926 3.357858657836914 3.3732964992523193 3.3814785480499268 3.3921329975128174 3.051619052886963 3.5259571075439453 3.571565628051758 3.6253325939178467 3.656853437423706 3.685844659805298 3.7052743434906006 3.740617513656616 3.761086940765381 3.782170534133911 3.803419589996338 3.8256635665893555 3.8516108989715576 3.873997449874878 3.8932464122772217 3.939152956008911 3.9580228328704834 3.9786853790283203 3.9960131645202637 4.015332221984863 4.032863616943359 4.051987648010254 4.070381164550781
../machine-tasks/test_output_lookup_eos/lookup-3bit/samples/sample1/longer_compositions_new.tsv
	acc 0.25625 0.275 0.36875 0.43125 0.45 0.4125 0.425 0.425 0.3875 0.41875 0.41875 0.425 0.4125 0.4375 0.43125 0.44375 0.45625 0.4625 0.4625 0.4625 0.45625 0.4625 0.4625 0.4625 0.46875 0.46875 0.46875 0.475 0.48125 0.4875 0.4875 0.4875 0.4875 0.4875 0.49375 0.49375 0.49375 0.49375 0.49375 0.5 0.5 0.50625 0.50625 0.5125 0.50625 0.5125 0.50625 0.5125 0.5125 0.5125 0.5125 0.49375 0.5125 0.525 0.5125 0.50625 0.5125 0.5125 0.50625 0.50625 0.50625 0.5125 0.5125 0.5125 0.5125 0.5125 0.5125 0.5125 0.50625 0.50625 0.50625 0.50625 0.50625 0.5
	seq_acc 0.0 0.0 0.0 0.0 0.0 0.0 0.0 0.0 0.0 0.0 0.0 0.0 0.0 0.0 0.0 0.0 0.0 0.0 0.0 0.0 0.0 0.0 0.0 0.0 0.0 0.0 0.0 0.0 0.0 0.0 0.0 0.0 0.0 0.0 0.0 0.0 0.0 0.0 0.0 0.0 0.0 0.0 0.0 0.0 0.0 0.0 0.0 0.0 0.0 0.0 0.0 0.0 0.0 0.0 0.0 0.0 0.0 0.0 0.0 0.0 0.0 0.0 0.0 0.0 0.0 0.0 0.0 0.0 0.0 0.0 0.0 0.0 0.0 0.0
	target_acc 0.0 0.0 0.0 0.0 0.0 0.0 0.0 0.0 0.0 0.0 0.0 0.0 0.0 0.0 0.0 0.0 0.0 0.0 0.0 0.0 0.0 0.0 0.0 0.0 0.0 0.0 0.0 0.0 0.0 0.0 0.0 0.0 0.0 0.0 0.0 0.0 0.0 0.0 0.0 0.0 0.0 0.0 0.0 0.0 0.0 0.0 0.0 0.0 0.0 0.0 0.0 0.0 0.0 0.0 0.0 0.0 0.0 0.0 0.0 0.0 0.0 0.0 0.0 0.0 0.0 0.0 0.0 0.0 0.0 0.0 0.0 0.0 0.0 0.0
	nll_loss 3.5940765380859374 2.5215547561645506 2.3351579666137696 2.6936622619628907 2.978797721862793 3.23338623046875 3.303684616088867 3.3692043304443358 3.653514099121094 3.9951553344726562 4.111470794677734 4.141984176635742 4.202999496459961 4.3932849884033205 4.280600738525391 4.341326904296875 4.422130966186524 4.347267913818359 4.46724853515625 4.533864212036133 4.661701583862305 4.661309814453125 4.71314811706543 4.7318981170654295 4.737961196899414 4.754925918579102 4.783929061889649 4.837693786621093 4.848189926147461 4.894563293457031 4.911061477661133 4.945452499389648 4.969030380249023 4.997435760498047 5.025263977050781 5.040956115722656 5.05101318359375 5.069823837280273 5.111795806884766 5.121023559570313 5.150302886962891 5.160733795166015 5.1853588104248045 5.206438446044922 5.227698135375976 5.253211975097656 5.2719676971435545 5.2902099609375 5.320000839233399 5.334841537475586 5.352566909790039 5.115579223632812 5.845942687988281 5.960543441772461 6.057501602172851 6.114101409912109 6.163210678100586 6.198149871826172 6.230448913574219 6.262515640258789 6.298593902587891 6.314780044555664 6.351177597045899 6.384849166870117 6.421482849121094 6.452249145507812 6.488655090332031 6.520002746582032 6.555228424072266 6.585569763183594 6.620157623291016 6.6513420104980465 6.687174224853516 6.709804534912109
../machine-tasks/test_output_lookup_eos/lookup-3bit/samples/sample1/longer_compositions_incremental.tsv
	acc 0.24723247232472326 0.3372693726937269 0.4607011070110701 0.46051660516605164 0.5014760147601476 0.514760147601476 0.5177121771217712 0.5402214022140222 0.5618081180811808 0.5608856088560885 0.5837638376383764 0.5826568265682657 0.58690036900369 0.5894833948339483 0.5944649446494465 0.5968634686346863 0.5988929889298893 0.5976014760147601 0.6044280442804428 0.6084870848708487 0.6011070110701107 0.6051660516605166 0.6049815498154981 0.6062730627306273 0.6075645756457565 0.6081180811808118 0.6103321033210332 0.6112546125461255 0.6118081180811809 0.6121771217712177 0.6125461254612546 0.6130996309963099 0.612730627306273 0.6143911439114391 0.6138376383763837 0.6145756457564575 0.6158671586715867 0.6171586715867159 0.6164206642066421 0.6171586715867159 0.6171586715867159 0.616789667896679 0.6162361623616236 0.6162361623616236 0.6169741697416974 0.6171586715867159 0.6169741697416974 0.6173431734317343 0.6171586715867159 0.6173431734317343 0.6182656826568266 0.5806273062730627 0.6075645756457565 0.6125461254612546 0.6129151291512915 0.6138376383763837 0.6136531365313653 0.6140221402214022 0.6154981549815498 0.6171586715867159 0.6171586715867159 0.6171586715867159 0.6173431734317343 0.6175276752767528 0.6180811808118081 0.6188191881918819 0.618450184501845 0.6186346863468635 0.6186346863468635 0.618450184501845 0.6186346863468635 0.6191881918819189 0.6197416974169742 0.620110701107011
	seq_acc 0.0 0.0 0.008302583025830259 0.0 0.0 0.0 0.0 0.00922509225092251 0.0009225092250922509 0.004612546125461255 0.0 0.0027675276752767526 0.013837638376383764 0.005535055350553505 0.0036900369003690036 0.0018450184501845018 0.0018450184501845018 0.012915129151291513 0.012915129151291513 0.01937269372693727 0.013837638376383764 0.01014760147601476 0.00922509225092251 0.008302583025830259 0.008302583025830259 0.01014760147601476 0.00922509225092251 0.00922509225092251 0.00922509225092251 0.00922509225092251 0.00922509225092251 0.00922509225092251 0.00922509225092251 0.008302583025830259 0.008302583025830259 0.008302583025830259 0.008302583025830259 0.011992619926199263 0.00922509225092251 0.01107011070110701 0.01107011070110701 0.01014760147601476 0.01014760147601476 0.01014760147601476 0.011992619926199263 0.011992619926199263 0.011992619926199263 0.011992619926199263 0.011992619926199263 0.011992619926199263 0.011992619926199263 0.016605166051660517 0.0 0.0 0.0 0.0 0.0 0.0 0.0 0.0 0.0 0.0 0.0 0.0 0.0 0.0 0.0 0.0 0.0 0.0 0.0 0.0 0.0 0.0
	target_acc 0.0 0.006457564575645757 0.03505535055350553 0.0 0.0 0.0 0.0009225092250922509 0.012915129151291513 0.0009225092250922509 0.006457564575645757 0.0009225092250922509 0.0027675276752767526 0.021217712177121772 0.00922509225092251 0.0036900369003690036 0.0018450184501845018 0.0036900369003690036 0.015682656826568265 0.015682656826568265 0.02214022140221402 0.014760147601476014 0.011992619926199263 0.011992619926199263 0.01014760147601476 0.011992619926199263 0.013837638376383764 0.011992619926199263 0.01107011070110701 0.01107011070110701 0.01107011070110701 0.01107011070110701 0.01107011070110701 0.01107011070110701 0.01014760147601476 0.00922509225092251 0.00922509225092251 0.00922509225092251 0.013837638376383764 0.01014760147601476 0.012915129151291513 0.011992619926199263 0.011992619926199263 0.01107011070110701 0.01107011070110701 0.012915129151291513 0.012915129151291513 0.012915129151291513 0.012915129151291513 0.011992619926199263 0.011992619926199263 0.012915129151291513 0.03044280442804428 0.0018450184501845018 0.0009225092250922509 0.0009225092250922509 0.0009225092250922509 0.0009225092250922509 0.0009225092250922509 0.0009225092250922509 0.0009225092250922509 0.0009225092250922509 0.0009225092250922509 0.0 0.0 0.0 0.0 0.0 0.0 0.0 0.0 0.0 0.0 0.0 0.0
	nll_loss 2.7853973388671873 1.8185237884521483 1.6912429809570313 1.9978185653686524 2.1185436248779297 2.2984262466430665 2.238885688781738 2.269720458984375 2.3466176986694336 2.2231462478637694 2.4144495010375975 2.468583106994629 2.3253177642822265 2.545141410827637 2.55343074798584 2.70157470703125 2.708913803100586 2.662908363342285 2.7028921127319334 2.7311470031738283 2.8644012451171874 2.9042999267578127 2.9663524627685547 3.019540023803711 3.0186262130737305 3.0376020431518556 3.086912155151367 3.1410003662109376 3.166524124145508 3.2058731079101563 3.2222530364990236 3.260938262939453 3.2901691436767577 3.3252002716064455 3.3592525482177735 3.3773799896240235 3.4052886962890625 3.4161415100097656 3.4668060302734376 3.4817501068115235 3.516780471801758 3.534579849243164 3.567806625366211 3.5911346435546876 3.6091861724853516 3.6353248596191405 3.656856155395508 3.677341079711914 3.7127437591552734 3.722881317138672 3.744588851928711 2.736372375488281 3.2511371612548827 3.3360897064208985 3.4146690368652344 3.4718597412109373 3.523054504394531 3.5594696044921874 3.596147918701172 3.6244049072265625 3.660746765136719 3.6901981353759767 3.722681427001953 3.7493667602539062 3.7787109375 3.8006553649902344 3.832335662841797 3.852213668823242 3.8763858795166017 3.895986557006836 3.92308349609375 3.9413082122802736 3.9630565643310547 3.9826339721679687
../machine-tasks/test_output_lookup_eos/lookup-3bit/samples/sample1/longer_compositions_seen.tsv
	acc 0.2525735294117647 0.37720588235294117 0.4886029411764706 0.49816176470588236 0.5430147058823529 0.5610294117647059 0.5647058823529412 0.6029411764705882 0.631985294117647 0.6308823529411764 0.6529411764705882 0.6606617647058823 0.66875 0.6716911764705882 0.6819852941176471 0.6738970588235295 0.6834558823529412 0.6808823529411765 0.6948529411764706 0.6977941176470588 0.6915441176470588 0.6919117647058823 0.6955882352941176 0.6952205882352941 0.6952205882352941 0.6948529411764706 0.6966911764705882 0.6970588235294117 0.6985294117647058 0.6992647058823529 0.6981617647058823 0.6981617647058823 0.7003676470588235 0.7011029411764705 0.7011029411764705 0.7003676470588235 0.7011029411764705 0.7014705882352941 0.7003676470588235 0.7014705882352941 0.7014705882352941 0.7011029411764705 0.7018382352941176 0.7025735294117647 0.7044117647058824 0.7036764705882353 0.7040441176470589 0.7047794117647059 0.7051470588235295 0.7051470588235295 0.7058823529411765 0.6433823529411765 0.6856617647058824 0.6911764705882353 0.6948529411764706 0.6948529411764706 0.6948529411764706 0.6959558823529411 0.6974264705882353 0.6974264705882353 0.6974264705882353 0.6970588235294117 0.6963235294117647 0.6970588235294117 0.6974264705882353 0.6977941176470588 0.6974264705882353 0.6981617647058823 0.6977941176470588 0.6977941176470588 0.6977941176470588 0.6974264705882353 0.6974264705882353 0.6981617647058823
	seq_acc 0.0 0.0 0.014705882352941176 0.0 0.0 0.0 0.0 0.016544117647058824 0.001838235294117647 0.009191176470588236 0.001838235294117647 0.001838235294117647 0.022058823529411766 0.011029411764705883 0.007352941176470588 0.003676470588235294 0.003676470588235294 0.01838235294117647 0.01838235294117647 0.027573529411764705 0.016544117647058824 0.012867647058823529 0.011029411764705883 0.011029411764705883 0.012867647058823529 0.014705882352941176 0.011029411764705883 0.011029411764705883 0.012867647058823529 0.012867647058823529 0.012867647058823529 0.012867647058823529 0.012867647058823529 0.011029411764705883 0.011029411764705883 0.011029411764705883 0.011029411764705883 0.014705882352941176 0.011029411764705883 0.014705882352941176 0.012867647058823529 0.012867647058823529 0.012867647058823529 0.012867647058823529 0.016544117647058824 0.016544117647058824 0.016544117647058824 0.016544117647058824 0.016544117647058824 0.016544117647058824 0.016544117647058824 0.029411764705882353 0.0 0.0 0.0 0.0 0.0 0.0 0.0 0.0 0.0 0.0 0.0 0.0 0.0 0.0 0.0 0.0 0.0 0.0 0.0 0.0 0.0 0.0
	target_acc 0.0 0.014705882352941176 0.04044117647058824 0.0 0.0 0.0 0.0 0.016544117647058824 0.001838235294117647 0.009191176470588236 0.003676470588235294 0.001838235294117647 0.029411764705882353 0.012867647058823529 0.007352941176470588 0.003676470588235294 0.0055147058823529415 0.022058823529411766 0.022058823529411766 0.03308823529411765 0.02022058823529412 0.016544117647058824 0.016544117647058824 0.014705882352941176 0.01838235294117647 0.02022058823529412 0.014705882352941176 0.014705882352941176 0.016544117647058824 0.014705882352941176 0.014705882352941176 0.014705882352941176 0.014705882352941176 0.014705882352941176 0.014705882352941176 0.014705882352941176 0.014705882352941176 0.02022058823529412 0.014705882352941176 0.02022058823529412 0.014705882352941176 0.016544117647058824 0.014705882352941176 0.014705882352941176 0.01838235294117647 0.01838235294117647 0.01838235294117647 0.01838235294117647 0.01838235294117647 0.01838235294117647 0.01838235294117647 0.051470588235294115 0.001838235294117647 0.001838235294117647 0.001838235294117647 0.001838235294117647 0.001838235294117647 0.001838235294117647 0.001838235294117647 0.001838235294117647 0.001838235294117647 0.001838235294117647 0.0 0.0 0.0 0.0 0.0 0.0 0.0 0.0 0.0 0.0 0.0 0.0
	nll_loss 2.6385776519775392 1.6278732299804688 1.533813762664795 1.7730850219726562 1.8767425537109375 2.040378952026367 1.9135648727416992 1.920600700378418 1.9718124389648437 1.7074455261230468 1.9389461517333983 1.9604015350341797 1.6924455642700196 1.940180206298828 1.914747428894043 2.1223775863647463 2.0484186172485352 1.9759057998657226 1.9658504486083985 1.9740568161010743 2.1092687606811524 2.142379570007324 2.1841562271118162 2.234122085571289 2.215658187866211 2.216168212890625 2.267614555358887 2.3083768844604493 2.3235494613647463 2.3636369705200195 2.371339797973633 2.400009536743164 2.42010383605957 2.4532796859741213 2.4817399978637695 2.4929632186889648 2.5112815856933595 2.5092750549316407 2.565567970275879 2.562782096862793 2.598392677307129 2.6079809188842775 2.6348121643066404 2.6522089004516602 2.662559700012207 2.6854717254638674 2.6984561920166015 2.713825798034668 2.749918556213379 2.7497386932373047 2.7681354522705077 2.103422737121582 2.4210201263427735 2.4704084396362305 2.510565185546875 2.5432096481323243 2.5822219848632812 2.6075510025024413 2.638924789428711 2.660783576965332 2.6888174057006835 2.7091243743896483 2.734929847717285 2.749099349975586 2.7735673904418947 2.7905418395996096 2.814554977416992 2.827617645263672 2.849284553527832 2.8596755981445314 2.883391761779785 2.8963747024536133 2.9147226333618166 2.929361915588379
