steps 200 300 400 500 600 700 800 900 1000 1100 1200 1300 1400 1500 1600 1700 1800 1900 2000 2100 2200 2300 2400 2500 2600 2700 2800 2900 3000 3100 3200 3300 3400 3500 3600 3700 3800 3900 4000 4100 4200 4300 4400 4500 4600 4700 4800 4900 5000 5100 5200 5300 5400 5500 5600 5700 5800 5900 6000 6100 6200 6300 6400 6500 6600 6700 6800 6900 7000 7100 7200 7300 7400 7500
Train
	acc 0.36921296296296297 0.4513888888888889 0.6122685185185185 0.6493055555555556 0.7210648148148148 0.7638888888888888 0.7800925925925926 0.8240740740740741 0.8576388888888888 0.8761574074074074 0.9201388888888888 0.9212962962962963 0.9398148148148148 0.96875 0.9745370370370371 0.9803240740740741 0.9884259259259259 0.9907407407407407 0.9930555555555556 0.9988425925925926 1.0 1.0 1.0 1.0 1.0 1.0 1.0 1.0 1.0 1.0 1.0 1.0 1.0 1.0 1.0 1.0 1.0 1.0 1.0 1.0 1.0 1.0 1.0 1.0 1.0 1.0 1.0 1.0 1.0 1.0 1.0 1.0 1.0 1.0 1.0 1.0 1.0 1.0 1.0 1.0 1.0 1.0 1.0 1.0 1.0 1.0 1.0 1.0 1.0 1.0 1.0 1.0 1.0 1.0
	seq_acc 0.021551724137931036 0.004310344827586207 0.07758620689655173 0.13793103448275862 0.21982758620689655 0.29310344827586204 0.33620689655172414 0.44396551724137934 0.5172413793103449 0.5818965517241379 0.728448275862069 0.7327586206896551 0.7844827586206896 0.8836206896551724 0.9051724137931034 0.9267241379310345 0.9568965517241379 0.9655172413793104 0.9741379310344828 0.9956896551724138 1.0 1.0 1.0 1.0 1.0 1.0 1.0 1.0 1.0 1.0 1.0 1.0 1.0 1.0 1.0 1.0 1.0 1.0 1.0 1.0 1.0 1.0 1.0 1.0 1.0 1.0 1.0 1.0 1.0 1.0 1.0 1.0 1.0 1.0 1.0 1.0 1.0 1.0 1.0 1.0 1.0 1.0 1.0 1.0 1.0 1.0 1.0 1.0 1.0 1.0 1.0 1.0 1.0 1.0
	target_acc 0.125 0.1724137931034483 0.20689655172413793 0.24568965517241378 0.3146551724137931 0.3706896551724138 0.4224137931034483 0.5043103448275862 0.5603448275862069 0.6120689655172413 0.75 0.75 0.7887931034482759 0.8836206896551724 0.9094827586206896 0.9267241379310345 0.9568965517241379 0.9655172413793104 0.9741379310344828 0.9956896551724138 1.0 1.0 1.0 1.0 1.0 1.0 1.0 1.0 1.0 1.0 1.0 1.0 1.0 1.0 1.0 1.0 1.0 1.0 1.0 1.0 1.0 1.0 1.0 1.0 1.0 1.0 1.0 1.0 1.0 1.0 1.0 1.0 1.0 1.0 1.0 1.0 1.0 1.0 1.0 1.0 1.0 1.0 1.0 1.0 1.0 1.0 1.0 1.0 1.0 1.0 1.0 1.0 1.0 1.0
	nll_loss 1.4348090887069702 1.3567869663238525 1.0283530950546265 0.8297719955444336 0.7296852469444275 0.607096254825592 0.5404525399208069 0.4663906693458557 0.4101760685443878 0.34818270802497864 0.28018873929977417 0.2608509063720703 0.20232230424880981 0.15633951127529144 0.12694911658763885 0.09592091292142868 0.07757216691970825 0.06147024407982826 0.05118080973625183 0.040496744215488434 0.030244482681155205 0.023799454793334007 0.02001960575580597 0.01604769378900528 0.013409260660409927 0.011604425497353077 0.009894185699522495 0.008606317453086376 0.0075804139487445354 0.006660833023488522 0.005911425221711397 0.005302893463522196 0.004751498810946941 0.004289154428988695 0.0038904629182070494 0.003549314336851239 0.0032329584937542677 0.002965505002066493 0.002721862867474556 0.002503935480490327 0.0023104960564523935 0.002137920819222927 0.00198085093870759 0.0018384172581136227 0.0017070304602384567 0.0015891502844169736 0.0014763969229534268 0.001377710490487516 0.0012855889508500695 0.0012009595520794392 0.001121105975471437 0.0010509578278288245 0.0009814344812184572 0.0009198803454637527 0.0008606421179138124 0.0008065706351771951 0.0007561809616163373 0.0007097064517438412 0.0006655981414951384 0.0006246261764317751 0.0005854901974089444 0.0005499089020304382 0.0005170361255295575 0.0004864833608735353 0.0004580809618346393 0.000431581778684631 0.0004064422391820699 0.00038326537469401956 0.0003614043234847486 0.0003407937183510512 0.0003216140903532505 0.00030371866887435317 0.00028653000481426716 0.00027045016759075224
../machine-tasks/test_output_lookup_eos/lookup-3bit/samples/sample1/validation.tsv
	acc 0.28125 0.421875 0.53125 0.5625 0.6875 0.65625 0.625 0.65625 0.6875 0.703125 0.765625 0.796875 0.796875 0.796875 0.78125 0.78125 0.8125 0.78125 0.78125 0.8125 0.78125 0.78125 0.796875 0.796875 0.78125 0.78125 0.78125 0.796875 0.796875 0.78125 0.78125 0.796875 0.796875 0.796875 0.796875 0.796875 0.796875 0.796875 0.796875 0.796875 0.796875 0.796875 0.796875 0.796875 0.796875 0.796875 0.796875 0.796875 0.796875 0.796875 0.796875 0.796875 0.796875 0.796875 0.796875 0.796875 0.8125 0.8125 0.8125 0.8125 0.8125 0.8125 0.8125 0.8125 0.8125 0.8125 0.796875 0.8125 0.796875 0.796875 0.796875 0.796875 0.796875 0.796875
	seq_acc 0.0 0.0 0.125 0.0625 0.125 0.125 0.0625 0.0 0.125 0.125 0.3125 0.375 0.3125 0.3125 0.25 0.25 0.3125 0.25 0.25 0.3125 0.25 0.25 0.25 0.25 0.1875 0.1875 0.1875 0.25 0.25 0.1875 0.1875 0.25 0.25 0.25 0.25 0.25 0.25 0.25 0.25 0.25 0.25 0.25 0.25 0.25 0.25 0.25 0.25 0.25 0.25 0.25 0.25 0.25 0.25 0.25 0.25 0.25 0.3125 0.3125 0.3125 0.3125 0.3125 0.3125 0.3125 0.3125 0.3125 0.3125 0.25 0.3125 0.25 0.25 0.25 0.25 0.25 0.25
	target_acc 0.125 0.1875 0.1875 0.25 0.25 0.125 0.0625 0.0 0.1875 0.1875 0.3125 0.375 0.3125 0.3125 0.25 0.25 0.3125 0.25 0.25 0.3125 0.25 0.25 0.25 0.25 0.1875 0.1875 0.1875 0.25 0.25 0.1875 0.1875 0.25 0.25 0.25 0.25 0.25 0.25 0.25 0.25 0.25 0.25 0.25 0.25 0.25 0.25 0.25 0.25 0.25 0.25 0.25 0.25 0.25 0.25 0.25 0.25 0.25 0.3125 0.3125 0.3125 0.3125 0.3125 0.3125 0.3125 0.3125 0.3125 0.3125 0.25 0.3125 0.25 0.25 0.25 0.25 0.25 0.25
	nll_loss 1.6065512895584106 1.5346797704696655 1.2927320003509521 1.0887507200241089 1.0176200866699219 1.0094937086105347 1.0284316539764404 0.8993112444877625 0.9291406273841858 0.8971102833747864 0.8363006711006165 0.8465039134025574 0.7459940314292908 0.7577420473098755 0.7795848846435547 0.7128663063049316 0.7341281175613403 0.7564261555671692 0.8244212865829468 0.7904312610626221 0.7815854549407959 0.7898211479187012 0.7648555040359497 0.7792693376541138 0.8008635640144348 0.8230312466621399 0.830900251865387 0.8305681943893433 0.8454696536064148 0.8521859645843506 0.8545958995819092 0.8608101010322571 0.8684981465339661 0.8775615692138672 0.8793116807937622 0.8941779136657715 0.8907297253608704 0.9005855321884155 0.8992125988006592 0.9089854955673218 0.916630208492279 0.9271435141563416 0.9333526492118835 0.9406800866127014 0.9604977965354919 0.9663782119750977 0.9853529930114746 1.0036593675613403 1.0040979385375977 1.0265039205551147 1.0306370258331299 1.0428187847137451 1.0472620725631714 1.0636513233184814 1.0674997568130493 1.0803699493408203 1.0921623706817627 1.103007197380066 1.1080762147903442 1.1174057722091675 1.1306465864181519 1.1361751556396484 1.1483300924301147 1.1532810926437378 1.1607614755630493 1.1698459386825562 1.1772701740264893 1.1820069551467896 1.1890285015106201 1.1966884136199951 1.2022370100021362 1.207763671875 1.215948462486267 1.2159396409988403
../machine-tasks/test_output_lookup_eos/lookup-3bit/samples/sample1/heldout_compositions.tsv
	acc 0.34375 0.421875 0.52734375 0.578125 0.64453125 0.671875 0.68359375 0.6953125 0.73046875 0.7265625 0.7421875 0.7578125 0.765625 0.77734375 0.78515625 0.80078125 0.79296875 0.796875 0.8046875 0.80078125 0.80078125 0.79296875 0.79296875 0.79296875 0.796875 0.79296875 0.80078125 0.80078125 0.8046875 0.8046875 0.8125 0.8125 0.8203125 0.8203125 0.828125 0.828125 0.828125 0.828125 0.828125 0.828125 0.828125 0.828125 0.828125 0.828125 0.828125 0.828125 0.828125 0.828125 0.828125 0.828125 0.82421875 0.82421875 0.82421875 0.82421875 0.82421875 0.82421875 0.82421875 0.82421875 0.82421875 0.82421875 0.82421875 0.82421875 0.82421875 0.82421875 0.82421875 0.82421875 0.82421875 0.82421875 0.82421875 0.828125 0.828125 0.82421875 0.828125 0.82421875
	seq_acc 0.015625 0.0 0.03125 0.046875 0.109375 0.09375 0.078125 0.09375 0.125 0.109375 0.15625 0.234375 0.1875 0.234375 0.234375 0.265625 0.25 0.28125 0.3125 0.28125 0.28125 0.265625 0.265625 0.265625 0.28125 0.28125 0.296875 0.28125 0.296875 0.296875 0.3125 0.3125 0.328125 0.328125 0.34375 0.34375 0.34375 0.34375 0.34375 0.34375 0.34375 0.34375 0.34375 0.34375 0.34375 0.34375 0.34375 0.34375 0.34375 0.34375 0.328125 0.328125 0.328125 0.328125 0.328125 0.328125 0.328125 0.328125 0.328125 0.328125 0.328125 0.328125 0.328125 0.328125 0.328125 0.328125 0.328125 0.328125 0.328125 0.328125 0.328125 0.328125 0.328125 0.328125
	target_acc 0.125 0.140625 0.09375 0.125 0.15625 0.125 0.15625 0.140625 0.15625 0.15625 0.203125 0.265625 0.25 0.28125 0.296875 0.296875 0.28125 0.3125 0.328125 0.3125 0.3125 0.296875 0.296875 0.296875 0.3125 0.296875 0.328125 0.296875 0.3125 0.296875 0.3125 0.3125 0.328125 0.328125 0.34375 0.34375 0.34375 0.34375 0.34375 0.34375 0.34375 0.34375 0.34375 0.34375 0.34375 0.34375 0.34375 0.34375 0.34375 0.34375 0.328125 0.328125 0.328125 0.328125 0.328125 0.328125 0.328125 0.328125 0.328125 0.328125 0.328125 0.328125 0.328125 0.328125 0.328125 0.328125 0.328125 0.328125 0.328125 0.328125 0.328125 0.328125 0.328125 0.328125
	nll_loss 1.5832267999649048 1.505776047706604 1.2388039827346802 1.037201166152954 0.9439347982406616 0.876466691493988 0.8268484473228455 0.7813259363174438 0.7649433016777039 0.7214129567146301 0.6913517117500305 0.7223477959632874 0.7077344059944153 0.6822031736373901 0.6721076965332031 0.6695523262023926 0.6797055006027222 0.7131901979446411 0.7054305672645569 0.7237386107444763 0.749255895614624 0.7860180139541626 0.7883865237236023 0.8035799860954285 0.8165292143821716 0.8276554942131042 0.8415138721466064 0.871526837348938 0.8868242502212524 0.9110546708106995 0.9003986120223999 0.9078311920166016 0.9049453139305115 0.9124494194984436 0.9106700420379639 0.9197423458099365 0.9258260726928711 0.931370735168457 0.938931405544281 0.9456434845924377 0.9510628581047058 0.9587169885635376 0.9670361876487732 0.9706320762634277 0.9797396659851074 0.9887762069702148 0.9950844049453735 1.0021233558654785 1.0102583169937134 1.015812873840332 1.0242187976837158 1.0322798490524292 1.0362509489059448 1.0463643074035645 1.0512754917144775 1.0582575798034668 1.0656064748764038 1.0731157064437866 1.0779452323913574 1.0834591388702393 1.0925127267837524 1.0952014923095703 1.101387619972229 1.1056585311889648 1.110210657119751 1.1166267395019531 1.122941493988037 1.1294814348220825 1.1340242624282837 1.1411672830581665 1.1469571590423584 1.1550841331481934 1.1602954864501953 1.1675443649291992
../machine-tasks/test_output_lookup_eos/lookup-3bit/samples/sample1/heldout_inputs.tsv
	acc 0.31875 0.40625 0.56875 0.59375 0.66875 0.6875 0.65625 0.675 0.6875 0.71875 0.7375 0.75 0.75 0.78125 0.8 0.80625 0.79375 0.79375 0.78125 0.79375 0.8 0.79375 0.79375 0.8 0.8 0.8 0.8 0.8 0.8 0.80625 0.7875 0.8 0.8 0.8 0.80625 0.80625 0.80625 0.8 0.8 0.8 0.80625 0.8 0.8 0.8 0.8 0.8125 0.8 0.8125 0.8125 0.8125 0.8125 0.8125 0.8125 0.8125 0.8125 0.8125 0.8125 0.8125 0.8125 0.8125 0.8125 0.8125 0.8125 0.8125 0.8125 0.8125 0.8125 0.8125 0.8125 0.8125 0.8125 0.8125 0.8125 0.8125
	seq_acc 0.0 0.0 0.075 0.1 0.15 0.125 0.075 0.075 0.1 0.175 0.15 0.15 0.175 0.25 0.275 0.275 0.25 0.25 0.2 0.25 0.25 0.25 0.25 0.275 0.275 0.275 0.275 0.275 0.275 0.275 0.225 0.25 0.25 0.25 0.275 0.275 0.275 0.25 0.25 0.25 0.275 0.25 0.25 0.25 0.25 0.275 0.25 0.275 0.275 0.275 0.275 0.275 0.275 0.275 0.275 0.275 0.275 0.275 0.275 0.275 0.275 0.275 0.275 0.275 0.275 0.275 0.275 0.275 0.275 0.275 0.275 0.275 0.275 0.275
	target_acc 0.125 0.2 0.125 0.2 0.2 0.175 0.125 0.075 0.1 0.2 0.15 0.15 0.175 0.25 0.275 0.275 0.25 0.25 0.2 0.25 0.25 0.25 0.25 0.275 0.275 0.275 0.275 0.275 0.275 0.275 0.225 0.25 0.25 0.25 0.275 0.275 0.275 0.25 0.25 0.25 0.275 0.25 0.25 0.25 0.25 0.275 0.25 0.275 0.275 0.275 0.275 0.275 0.275 0.275 0.275 0.275 0.275 0.275 0.275 0.275 0.275 0.275 0.275 0.275 0.275 0.275 0.275 0.275 0.275 0.275 0.275 0.275 0.275 0.275
	nll_loss 1.590817928314209 1.4967725276947021 1.1720658540725708 0.9940836429595947 0.9113391637802124 0.8394944667816162 0.8160466551780701 0.7602431774139404 0.800754189491272 0.7719178199768066 0.7055737972259521 0.7344713807106018 0.7314406037330627 0.7080471515655518 0.6751241683959961 0.678053081035614 0.7382041215896606 0.7350600361824036 0.7787696719169617 0.7855066061019897 0.7824360132217407 0.7957434058189392 0.8156375885009766 0.8239235281944275 0.8409813046455383 0.8413099646568298 0.8597455024719238 0.8732626438140869 0.8809621334075928 0.9027823209762573 0.9131004810333252 0.931846559047699 0.9427956938743591 0.9541115164756775 0.9647262096405029 0.9792044758796692 0.9887278079986572 0.9987242221832275 1.0069260597229004 1.0165796279907227 1.0232328176498413 1.0306880474090576 1.0373997688293457 1.0465649366378784 1.0533394813537598 1.0358721017837524 1.0692812204360962 1.0514637231826782 1.0548436641693115 1.0646165609359741 1.0712946653366089 1.0800764560699463 1.085883378982544 1.096116065979004 1.1053258180618286 1.1110427379608154 1.1170483827590942 1.1232539415359497 1.1347930431365967 1.1400164365768433 1.1492500305175781 1.1539936065673828 1.159044623374939 1.1660804748535156 1.1742924451828003 1.178331732749939 1.183193564414978 1.190949559211731 1.200972080230713 1.2001689672470093 1.2102997303009033 1.2195100784301758 1.2206978797912598 1.2266775369644165
../machine-tasks/test_output_lookup_eos/lookup-3bit/samples/sample1/heldout_tables.tsv
	acc 0.3125 0.375 0.5104166666666666 0.5364583333333334 0.5846354166666666 0.6145833333333334 0.6119791666666666 0.6223958333333334 0.6315104166666666 0.6328125 0.65234375 0.63671875 0.6393229166666666 0.6497395833333334 0.6510416666666666 0.6484375 0.6536458333333334 0.65625 0.6575520833333334 0.65625 0.6588541666666666 0.6575520833333334 0.6575520833333334 0.6575520833333334 0.66015625 0.6588541666666666 0.6614583333333334 0.66015625 0.6588541666666666 0.6575520833333334 0.6575520833333334 0.6588541666666666 0.6588541666666666 0.6588541666666666 0.66015625 0.66015625 0.66015625 0.6614583333333334 0.6614583333333334 0.6627604166666666 0.6640625 0.6627604166666666 0.6640625 0.6640625 0.6640625 0.6640625 0.6640625 0.6627604166666666 0.6640625 0.6640625 0.6640625 0.6653645833333334 0.6653645833333334 0.6653645833333334 0.6653645833333334 0.6653645833333334 0.6653645833333334 0.6653645833333334 0.6653645833333334 0.6653645833333334 0.6653645833333334 0.6653645833333334 0.6653645833333334 0.6653645833333334 0.6653645833333334 0.6653645833333334 0.6653645833333334 0.6653645833333334 0.6653645833333334 0.6666666666666666 0.6666666666666666 0.6666666666666666 0.6666666666666666 0.6666666666666666
	seq_acc 0.0 0.0 0.0 0.0 0.03125 0.026041666666666668 0.020833333333333332 0.03125 0.041666666666666664 0.020833333333333332 0.046875 0.041666666666666664 0.020833333333333332 0.026041666666666668 0.03125 0.026041666666666668 0.026041666666666668 0.026041666666666668 0.03125 0.026041666666666668 0.03125 0.03125 0.026041666666666668 0.026041666666666668 0.026041666666666668 0.026041666666666668 0.03125 0.03125 0.03125 0.03125 0.03125 0.03125 0.03125 0.03125 0.03125 0.03125 0.03125 0.03125 0.03125 0.03125 0.03125 0.03125 0.03125 0.03125 0.03125 0.03125 0.03125 0.026041666666666668 0.026041666666666668 0.026041666666666668 0.026041666666666668 0.026041666666666668 0.026041666666666668 0.026041666666666668 0.026041666666666668 0.026041666666666668 0.026041666666666668 0.026041666666666668 0.026041666666666668 0.026041666666666668 0.026041666666666668 0.026041666666666668 0.026041666666666668 0.026041666666666668 0.026041666666666668 0.026041666666666668 0.026041666666666668 0.026041666666666668 0.026041666666666668 0.026041666666666668 0.026041666666666668 0.026041666666666668 0.026041666666666668 0.026041666666666668
	target_acc 0.0 0.06770833333333333 0.09375 0.046875 0.078125 0.07291666666666667 0.07291666666666667 0.09375 0.08854166666666667 0.041666666666666664 0.0625 0.046875 0.036458333333333336 0.052083333333333336 0.057291666666666664 0.046875 0.046875 0.046875 0.052083333333333336 0.046875 0.052083333333333336 0.052083333333333336 0.046875 0.046875 0.052083333333333336 0.046875 0.057291666666666664 0.046875 0.036458333333333336 0.036458333333333336 0.036458333333333336 0.036458333333333336 0.036458333333333336 0.036458333333333336 0.036458333333333336 0.036458333333333336 0.036458333333333336 0.036458333333333336 0.036458333333333336 0.036458333333333336 0.036458333333333336 0.036458333333333336 0.036458333333333336 0.036458333333333336 0.036458333333333336 0.036458333333333336 0.036458333333333336 0.03125 0.03125 0.03125 0.03125 0.03125 0.03125 0.03125 0.03125 0.03125 0.03125 0.03125 0.03125 0.03125 0.03125 0.03125 0.03125 0.03125 0.03125 0.03125 0.03125 0.03125 0.03125 0.03125 0.03125 0.03125 0.03125 0.03125
	nll_loss 1.6640897989273071 1.5911049842834473 1.3925045728683472 1.2393934726715088 1.245551586151123 1.2794349193572998 1.2448465824127197 1.3120572566986084 1.3626657724380493 1.548990249633789 1.7403146028518677 1.8007962703704834 1.7001036405563354 1.7242999076843262 1.8045310974121094 1.9060136079788208 1.9907066822052002 1.985621690750122 2.0180275440216064 2.063433885574341 2.045091390609741 2.1602091789245605 2.241685628890991 2.262305736541748 2.3191757202148438 2.3976566791534424 2.393298864364624 2.4487409591674805 2.5065219402313232 2.5204403400421143 2.549910068511963 2.6010019779205322 2.6064767837524414 2.6427369117736816 2.6725661754608154 2.707062244415283 2.720932722091675 2.7311763763427734 2.7713239192962646 2.779240369796753 2.8120789527893066 2.8331923484802246 2.845562219619751 2.855445146560669 2.891638994216919 2.898533582687378 2.9305155277252197 2.9569079875946045 2.9652934074401855 2.998145580291748 3.008523464202881 3.040562391281128 3.0468854904174805 3.066805839538574 3.0814054012298584 3.098975896835327 3.1202502250671387 3.130403518676758 3.1468472480773926 3.163149118423462 3.1891744136810303 3.198293924331665 3.210692882537842 3.2239303588867188 3.2523117065429688 3.26479434967041 3.28132700920105 3.29194974899292 3.3155453205108643 3.324861526489258 3.3431777954101562 3.3648271560668945 3.373389720916748 3.393800735473633
../machine-tasks/test_output_lookup_eos/lookup-3bit/samples/sample1/new_compositions.tsv
	acc 0.3125 0.3125 0.484375 0.5 0.5625 0.5390625 0.546875 0.53125 0.5625 0.578125 0.59375 0.6328125 0.609375 0.6328125 0.6484375 0.640625 0.6640625 0.6640625 0.65625 0.6796875 0.6640625 0.6796875 0.6875 0.6875 0.6875 0.6953125 0.6875 0.6875 0.6953125 0.6953125 0.6875 0.6953125 0.6875 0.6953125 0.6953125 0.6953125 0.6875 0.6875 0.6875 0.6875 0.6875 0.6875 0.6875 0.6875 0.6875 0.6875 0.6875 0.6875 0.6875 0.6875 0.6875 0.6875 0.6875 0.6875 0.6875 0.6953125 0.6953125 0.703125 0.6953125 0.6953125 0.703125 0.703125 0.703125 0.703125 0.703125 0.703125 0.703125 0.703125 0.703125 0.703125 0.703125 0.7109375 0.7109375 0.7109375
	seq_acc 0.0 0.0 0.0 0.0 0.03125 0.0 0.0 0.0 0.0 0.0 0.0 0.0 0.0 0.0 0.0 0.0 0.0 0.0 0.0 0.0 0.0 0.0 0.0 0.0 0.0 0.0 0.0 0.0 0.0 0.0 0.0 0.0 0.0 0.0 0.0 0.0 0.0 0.0 0.0 0.0 0.0 0.0 0.0 0.0 0.0 0.0 0.0 0.0 0.0 0.0 0.0 0.0 0.0 0.0 0.0 0.0 0.0 0.0 0.0 0.0 0.0 0.0 0.0 0.0 0.0 0.0 0.0 0.0 0.0 0.0 0.0 0.0 0.0 0.0
	target_acc 0.0 0.0 0.1875 0.0625 0.125 0.0 0.0 0.0 0.0 0.0 0.0 0.0 0.0 0.0 0.0 0.0 0.0 0.0 0.0 0.0 0.0 0.0 0.0 0.0 0.0 0.0 0.0 0.0 0.0 0.0 0.0 0.0 0.0 0.0 0.0 0.0 0.0 0.0 0.0 0.0 0.0 0.0 0.0 0.0 0.0 0.0 0.0 0.0 0.0 0.0 0.0 0.0 0.0 0.0 0.0 0.0 0.0 0.0 0.0 0.0 0.0 0.0 0.0 0.0 0.0 0.0 0.0 0.0 0.0 0.0 0.0 0.0 0.0 0.0
	nll_loss 2.04106068611145 1.7205675840377808 1.482234239578247 1.4606940746307373 1.5996323823928833 2.101740598678589 2.172560930252075 2.5927574634552 2.5970418453216553 2.753884792327881 2.698249578475952 2.6992831230163574 2.7383439540863037 2.68038010597229 2.717163324356079 2.7164626121520996 2.7240312099456787 2.77028489112854 2.7916512489318848 2.803407669067383 2.861877679824829 2.8902547359466553 2.9036381244659424 2.9369335174560547 2.960393190383911 2.987689733505249 3.0302670001983643 3.0570523738861084 3.088590383529663 3.1212880611419678 3.139008045196533 3.1671550273895264 3.1793482303619385 3.206002950668335 3.2279467582702637 3.2443387508392334 3.254838466644287 3.2708089351654053 3.2872602939605713 3.304983139038086 3.3203630447387695 3.339510440826416 3.3531503677368164 3.371218681335449 3.3844621181488037 3.402010440826416 3.413510322570801 3.429525375366211 3.4478983879089355 3.45994234085083 3.473512649536133 3.4910693168640137 3.506294012069702 3.5187418460845947 3.5378201007843018 3.5479490756988525 3.5614447593688965 3.5917391777038574 3.5949795246124268 3.6081738471984863 3.635427474975586 3.6507582664489746 3.6628386974334717 3.6826889514923096 3.6966795921325684 3.7118775844573975 3.726595878601074 3.7427642345428467 3.7585604190826416 3.772886276245117 3.7877795696258545 3.809243679046631 3.823568820953369 3.841557025909424
../machine-tasks/test_output_lookup_eos/lookup-3bit/samples/sample1/longer_compositions_new.tsv
	acc 0.26875 0.275 0.39375 0.43125 0.43125 0.45625 0.44375 0.425 0.425 0.41875 0.45625 0.4375 0.425 0.44375 0.44375 0.4625 0.49375 0.48125 0.5 0.49375 0.49375 0.4875 0.5 0.5 0.5 0.5125 0.5125 0.51875 0.5375 0.525 0.53125 0.5375 0.5375 0.5375 0.5375 0.5375 0.53125 0.53125 0.53125 0.53125 0.53125 0.53125 0.53125 0.53125 0.5375 0.5375 0.5375 0.5375 0.5375 0.5375 0.5375 0.5375 0.5375 0.5375 0.5375 0.5375 0.5375 0.5375 0.5375 0.5375 0.5375 0.5375 0.5375 0.5375 0.5375 0.5375 0.5375 0.5375 0.5375 0.5375 0.5375 0.5375 0.5375 0.5375
	seq_acc 0.0 0.0 0.0 0.0 0.0 0.0 0.0 0.0 0.0 0.0 0.0 0.0 0.0 0.0 0.0 0.0 0.0 0.0 0.0 0.0 0.0 0.0 0.0 0.0 0.0 0.0 0.0 0.0 0.0 0.0 0.0 0.0 0.0 0.0 0.0 0.0 0.0 0.0 0.0 0.0 0.0 0.0 0.0 0.0 0.0 0.0 0.0 0.0 0.0 0.0 0.0 0.0 0.0 0.0 0.0 0.0 0.0 0.0 0.0 0.0 0.0 0.0 0.0 0.0 0.0 0.0 0.0 0.0 0.0 0.0 0.0 0.0 0.0 0.0
	target_acc 0.0 0.0 0.0 0.0 0.0 0.0 0.0 0.0 0.0 0.0 0.0 0.0 0.0 0.0 0.0 0.0 0.0 0.0 0.0 0.0 0.0 0.0 0.0 0.0 0.0 0.0 0.0 0.0 0.0 0.0 0.0 0.0 0.0 0.0 0.0 0.0 0.0 0.0 0.0 0.0 0.0 0.0 0.0 0.0 0.0 0.0 0.0 0.0 0.0 0.0 0.0 0.0 0.0 0.0 0.0 0.0 0.0 0.0 0.0 0.0 0.0 0.0 0.0 0.0 0.0 0.0 0.0 0.0 0.0 0.0 0.0 0.0 0.0 0.0
	nll_loss 2.307601737976074 2.2768577575683593 2.0847620010375976 2.5351112365722654 2.6836938858032227 2.8715524673461914 3.0581457138061525 3.23626708984375 3.395526123046875 3.687465286254883 4.078253555297851 4.194845581054688 4.205634689331054 4.1891735076904295 4.349928665161133 4.438642501831055 4.486509323120117 4.558681869506836 4.619101333618164 4.737017440795898 4.718171310424805 4.8045909881591795 4.841270065307617 4.888736343383789 4.944713973999024 4.996804046630859 5.046950912475586 5.08422737121582 5.141720962524414 5.185392379760742 5.217033767700196 5.252619934082031 5.285601043701172 5.316849899291992 5.346173477172852 5.376129913330078 5.4053794860839846 5.4325439453125 5.4609375 5.486167144775391 5.514194107055664 5.543342971801758 5.569153594970703 5.595279693603516 5.621147537231446 5.6496116638183596 5.672138977050781 5.698348617553711 5.727883148193359 5.749521255493164 5.7713665008544925 5.802013397216797 5.824928665161133 5.849464035034179 5.882483291625976 5.903263854980469 5.924699401855468 5.957221221923828 5.981034469604492 6.002536010742188 6.03157958984375 6.053786849975586 6.077160263061524 6.107287216186523 6.131995391845703 6.154625701904297 6.1856029510498045 6.208507537841797 6.234535598754883 6.257849502563476 6.285379791259766 6.313478088378906 6.332513809204102 6.360186767578125
../machine-tasks/test_output_lookup_eos/lookup-3bit/samples/sample1/longer_compositions_incremental.tsv
	acc 0.2867158671586716 0.3400369003690037 0.4418819188191882 0.45092250922509225 0.5014760147601476 0.5210332103321034 0.5234317343173431 0.5433579335793358 0.5522140221402214 0.5693726937269372 0.584870848708487 0.5808118081180812 0.5898523985239852 0.5961254612546125 0.597970479704797 0.605350553505535 0.603690036900369 0.6097785977859779 0.6105166051660517 0.6088560885608856 0.6121771217712177 0.6130996309963099 0.6138376383763837 0.614760147601476 0.6162361623616236 0.6177121771217712 0.6175276752767528 0.6178966789667897 0.6177121771217712 0.6177121771217712 0.618450184501845 0.6195571955719558 0.6190036900369004 0.620110701107011 0.6190036900369004 0.6191881918819189 0.6197416974169742 0.6202952029520296 0.620479704797048 0.6212177121771217 0.6208487084870848 0.6214022140221402 0.6225092250922509 0.6228782287822878 0.6226937269372693 0.6232472324723247 0.6232472324723247 0.6236162361623616 0.6239852398523985 0.6243542435424354 0.6250922509225092 0.6254612546125461 0.6260147601476015 0.6260147601476015 0.6267527675276753 0.6269372693726937 0.6271217712177122 0.6274907749077491 0.6280442804428045 0.6276752767527676 0.6284132841328414 0.6284132841328414 0.6276752767527676 0.6274907749077491 0.6280442804428045 0.6273062730627307 0.6282287822878229 0.6282287822878229 0.6280442804428045 0.6280442804428045 0.6282287822878229 0.627859778597786 0.6284132841328414 0.6280442804428045
	seq_acc 0.0 0.0009225092250922509 0.0009225092250922509 0.0 0.0 0.005535055350553505 0.0 0.0 0.007380073800738007 0.0 0.006457564575645757 0.0 0.0027675276752767526 0.005535055350553505 0.005535055350553505 0.004612546125461255 0.007380073800738007 0.012915129151291513 0.01014760147601476 0.00922509225092251 0.011992619926199263 0.00922509225092251 0.006457564575645757 0.00922509225092251 0.007380073800738007 0.008302583025830259 0.01014760147601476 0.01014760147601476 0.00922509225092251 0.00922509225092251 0.00922509225092251 0.008302583025830259 0.01107011070110701 0.01014760147601476 0.01107011070110701 0.01014760147601476 0.00922509225092251 0.01014760147601476 0.008302583025830259 0.007380073800738007 0.006457564575645757 0.007380073800738007 0.006457564575645757 0.008302583025830259 0.006457564575645757 0.008302583025830259 0.007380073800738007 0.007380073800738007 0.01107011070110701 0.006457564575645757 0.01014760147601476 0.007380073800738007 0.01014760147601476 0.01014760147601476 0.01014760147601476 0.01107011070110701 0.01107011070110701 0.01107011070110701 0.01107011070110701 0.01107011070110701 0.01107011070110701 0.01107011070110701 0.00922509225092251 0.00922509225092251 0.01014760147601476 0.00922509225092251 0.00922509225092251 0.00922509225092251 0.00922509225092251 0.008302583025830259 0.00922509225092251 0.008302583025830259 0.008302583025830259 0.008302583025830259
	target_acc 0.06642066420664207 0.08856088560885608 0.011992619926199263 0.0 0.0 0.008302583025830259 0.0009225092250922509 0.0009225092250922509 0.01107011070110701 0.0 0.008302583025830259 0.0 0.007380073800738007 0.00922509225092251 0.008302583025830259 0.007380073800738007 0.01014760147601476 0.017527675276752766 0.016605166051660517 0.013837638376383764 0.016605166051660517 0.014760147601476014 0.01107011070110701 0.015682656826568265 0.014760147601476014 0.013837638376383764 0.01845018450184502 0.016605166051660517 0.015682656826568265 0.015682656826568265 0.016605166051660517 0.014760147601476014 0.016605166051660517 0.016605166051660517 0.016605166051660517 0.012915129151291513 0.013837638376383764 0.014760147601476014 0.012915129151291513 0.011992619926199263 0.01107011070110701 0.011992619926199263 0.011992619926199263 0.013837638376383764 0.01107011070110701 0.013837638376383764 0.01107011070110701 0.01107011070110701 0.015682656826568265 0.01107011070110701 0.013837638376383764 0.011992619926199263 0.014760147601476014 0.013837638376383764 0.013837638376383764 0.014760147601476014 0.014760147601476014 0.014760147601476014 0.014760147601476014 0.014760147601476014 0.014760147601476014 0.014760147601476014 0.012915129151291513 0.012915129151291513 0.013837638376383764 0.012915129151291513 0.012915129151291513 0.011992619926199263 0.011992619926199263 0.01107011070110701 0.011992619926199263 0.01107011070110701 0.01107011070110701 0.01107011070110701
	nll_loss 1.7361684799194337 1.7667089462280274 1.740621566772461 2.192409896850586 2.2240245819091795 2.198811149597168 2.2643835067749025 2.360873794555664 2.179482078552246 2.4202951431274413 2.399666976928711 2.560256004333496 2.457200813293457 2.450578308105469 2.4902997970581056 2.5398569107055664 2.609828567504883 2.5676895141601563 2.593135643005371 2.707448387145996 2.6773971557617187 2.7826133728027345 2.8420103073120115 2.853878974914551 2.901789093017578 2.9661216735839844 2.958796501159668 3.0197582244873047 3.0811113357543944 3.104817199707031 3.131445121765137 3.191287612915039 3.2029796600341798 3.230396270751953 3.2788070678710937 3.316164016723633 3.332095718383789 3.338260269165039 3.38952522277832 3.4097232818603516 3.450482940673828 3.4717403411865235 3.488824462890625 3.5038951873779296 3.5440258026123046 3.554433822631836 3.5935714721679686 3.6286510467529296 3.635380172729492 3.679738998413086 3.6865291595458984 3.726511764526367 3.736370849609375 3.7571060180664064 3.7774810791015625 3.799277496337891 3.8240077972412108 3.840986633300781 3.861597442626953 3.8812225341796873 3.919016647338867 3.934312438964844 3.952250289916992 3.9707244873046874 4.001294326782227 4.013247299194336 4.03875617980957 4.050836563110352 4.078491592407227 4.096136474609375 4.11345100402832 4.139358901977539 4.147586441040039 4.171791458129883
../machine-tasks/test_output_lookup_eos/lookup-3bit/samples/sample1/longer_compositions_seen.tsv
	acc 0.29411764705882354 0.36580882352941174 0.45992647058823527 0.4801470588235294 0.54375 0.5610294117647059 0.5702205882352941 0.5904411764705882 0.6058823529411764 0.6264705882352941 0.6426470588235295 0.6408088235294118 0.6551470588235294 0.6724264705882353 0.6735294117647059 0.6867647058823529 0.68125 0.6878676470588235 0.6900735294117647 0.6878676470588235 0.6926470588235294 0.6922794117647059 0.6922794117647059 0.6919117647058823 0.69375 0.6941176470588235 0.6955882352941176 0.6959558823529411 0.6970588235294117 0.6977941176470588 0.6996323529411764 0.7022058823529411 0.7014705882352941 0.7029411764705882 0.7014705882352941 0.700735294117647 0.7018382352941176 0.7018382352941176 0.7040441176470589 0.7033088235294118 0.7036764705882353 0.7058823529411765 0.7051470588235295 0.70625 0.7058823529411765 0.7051470588235295 0.7066176470588236 0.7095588235294118 0.7080882352941177 0.7099264705882353 0.7110294117647059 0.7110294117647059 0.711764705882353 0.7121323529411765 0.7113970588235294 0.7121323529411765 0.711764705882353 0.7125 0.7132352941176471 0.7125 0.7132352941176471 0.7132352941176471 0.7132352941176471 0.7132352941176471 0.7143382352941177 0.7128676470588236 0.7147058823529412 0.7139705882352941 0.7139705882352941 0.7143382352941177 0.7143382352941177 0.7150735294117647 0.7147058823529412 0.7147058823529412
	seq_acc 0.0 0.001838235294117647 0.0 0.0 0.0 0.009191176470588236 0.0 0.0 0.02389705882352941 0.0 0.016544117647058824 0.0 0.003676470588235294 0.02022058823529412 0.011029411764705883 0.0055147058823529415 0.012867647058823529 0.022058823529411766 0.02022058823529412 0.02022058823529412 0.01838235294117647 0.014705882352941176 0.009191176470588236 0.016544117647058824 0.014705882352941176 0.011029411764705883 0.016544117647058824 0.016544117647058824 0.01838235294117647 0.01838235294117647 0.01838235294117647 0.01838235294117647 0.022058823529411766 0.022058823529411766 0.022058823529411766 0.016544117647058824 0.016544117647058824 0.01838235294117647 0.016544117647058824 0.012867647058823529 0.012867647058823529 0.016544117647058824 0.012867647058823529 0.01838235294117647 0.014705882352941176 0.014705882352941176 0.014705882352941176 0.014705882352941176 0.016544117647058824 0.014705882352941176 0.016544117647058824 0.014705882352941176 0.016544117647058824 0.016544117647058824 0.016544117647058824 0.016544117647058824 0.014705882352941176 0.016544117647058824 0.014705882352941176 0.014705882352941176 0.014705882352941176 0.014705882352941176 0.012867647058823529 0.014705882352941176 0.012867647058823529 0.012867647058823529 0.012867647058823529 0.012867647058823529 0.014705882352941176 0.014705882352941176 0.014705882352941176 0.014705882352941176 0.014705882352941176 0.014705882352941176
	target_acc 0.11213235294117647 0.09375 0.0055147058823529415 0.0 0.0 0.011029411764705883 0.001838235294117647 0.0 0.025735294117647058 0.001838235294117647 0.01838235294117647 0.0 0.011029411764705883 0.025735294117647058 0.01838235294117647 0.009191176470588236 0.016544117647058824 0.027573529411764705 0.034926470588235295 0.027573529411764705 0.029411764705882353 0.025735294117647058 0.01838235294117647 0.027573529411764705 0.027573529411764705 0.02022058823529412 0.029411764705882353 0.025735294117647058 0.029411764705882353 0.03125 0.03308823529411765 0.034926470588235295 0.03308823529411765 0.03676470588235294 0.034926470588235295 0.025735294117647058 0.025735294117647058 0.029411764705882353 0.025735294117647058 0.022058823529411766 0.02022058823529412 0.02389705882352941 0.02022058823529412 0.025735294117647058 0.022058823529411766 0.022058823529411766 0.022058823529411766 0.022058823529411766 0.022058823529411766 0.02022058823529412 0.022058823529411766 0.02022058823529412 0.022058823529411766 0.022058823529411766 0.022058823529411766 0.022058823529411766 0.02022058823529412 0.022058823529411766 0.02022058823529412 0.02022058823529412 0.02022058823529412 0.02022058823529412 0.01838235294117647 0.02022058823529412 0.01838235294117647 0.01838235294117647 0.01838235294117647 0.01838235294117647 0.02022058823529412 0.02022058823529412 0.02022058823529412 0.02022058823529412 0.02022058823529412 0.02022058823529412
	nll_loss 1.6904430389404297 1.6764692306518554 1.6011205673217774 2.0232654571533204 2.0260379791259764 1.9411859512329102 1.988734245300293 2.0676494598388673 1.8183361053466798 2.026506042480469 1.944571304321289 2.1152334213256836 1.9275192260742187 1.8806230545043945 1.8788192749023438 1.901348876953125 1.9869470596313477 1.8896354675292968 1.870363998413086 2.005029296875 1.9149011611938476 2.0225080490112304 2.0830766677856447 2.063115882873535 2.0988132476806642 2.1535905838012694 2.121149444580078 2.164157485961914 2.220630073547363 2.231910514831543 2.245466613769531 2.3070404052734377 2.3041954040527344 2.3212940216064455 2.369378662109375 2.405661392211914 2.4109476089477537 2.4078187942504883 2.4560922622680663 2.4726802825927736 2.510492515563965 2.522055435180664 2.538723945617676 2.5439664840698244 2.5806325912475585 2.582254409790039 2.6191070556640623 2.6518844604492187 2.6476308822631838 2.6964698791503907 2.694820022583008 2.73531551361084 2.736940383911133 2.752158355712891 2.7686479568481444 2.7871515274047853 2.8098691940307616 2.816651153564453 2.8323911666870116 2.849679946899414 2.8865102767944335 2.8932619094848633 2.9043510437011717 2.9156421661376952 2.946070098876953 2.9509346008300783 2.9721263885498046 2.9798763275146483 3.003541946411133 3.0171463012695314 3.030235481262207 3.0498409271240234 3.054763603210449 3.072978401184082
